"artist_name","artist_id","album_id","album_type","album_release_date","album_release_year","album_release_date_precision","danceability","energy","key","loudness","mode","speechiness","acousticness","instrumentalness","liveness","valence","tempo","track_id","analysis_url","time_signature","disc_number","duration_ms","explicit","track_href","is_local","track_name","track_preview_url","track_number","type","track_uri","external_urls.spotify","album_name","key_name","mode_name","key_mode","genre"
"Terrace Martin","7MNEVabc4cs19CbzAFZmXz","5UgntWXasSNmI0s3O8rS6b","album","2020-12-11",2020,"day",0.498,0.506,1,-8.576,1,0.341,0.0444,0,0.307,0.412,94.381,"6uZRRwpvuMP4jKo0O0FxRp","https://api.spotify.com/v1/audio-analysis/6uZRRwpvuMP4jKo0O0FxRp",4,1,300535,TRUE,"https://api.spotify.com/v1/tracks/6uZRRwpvuMP4jKo0O0FxRp",FALSE,"Neighborhood (feat. Kent Jamz & Nick Grant)","https://p.scdn.co/mp3-preview/4d39857bb1d00abc01c9be481a994cf6fa6d93b3?cid=c22575ce003a46ba95e4590c10b3acb1",1,"track","spotify:track:6uZRRwpvuMP4jKo0O0FxRp","https://open.spotify.com/track/6uZRRwpvuMP4jKo0O0FxRp","Village Days","C#","major","C# major","jazz"
"Terrace Martin","7MNEVabc4cs19CbzAFZmXz","5UgntWXasSNmI0s3O8rS6b","album","2020-12-11",2020,"day",0.486,0.598,6,-8.239,1,0.0734,0.0196,0.146,0.262,0.164,95.891,"58QP6H2WMR2u5Zimb8NIUO","https://api.spotify.com/v1/audio-analysis/58QP6H2WMR2u5Zimb8NIUO",4,1,364490,FALSE,"https://api.spotify.com/v1/tracks/58QP6H2WMR2u5Zimb8NIUO",FALSE,"The Voice of King Nipsey","https://p.scdn.co/mp3-preview/78b3e4ab2f173bb73055896fe4f55de46b5ef8d9?cid=c22575ce003a46ba95e4590c10b3acb1",2,"track","spotify:track:58QP6H2WMR2u5Zimb8NIUO","https://open.spotify.com/track/58QP6H2WMR2u5Zimb8NIUO","Village Days","F#","major","F# major","jazz"
"Terrace Martin","7MNEVabc4cs19CbzAFZmXz","5UgntWXasSNmI0s3O8rS6b","album","2020-12-11",2020,"day",0.853,0.443,11,-8.178,0,0.0798,0.0911,1.23e-06,0.103,0.641,107.976,"7Gapsmjj2edcsXzRgpamSl","https://api.spotify.com/v1/audio-analysis/7Gapsmjj2edcsXzRgpamSl",4,1,123941,TRUE,"https://api.spotify.com/v1/tracks/7Gapsmjj2edcsXzRgpamSl",FALSE,"Money Up (feat. Rexx Life Raj)","https://p.scdn.co/mp3-preview/ce7a40a6b54bd364d0dd9f61a87dc9c0a4a3c5aa?cid=c22575ce003a46ba95e4590c10b3acb1",3,"track","spotify:track:7Gapsmjj2edcsXzRgpamSl","https://open.spotify.com/track/7Gapsmjj2edcsXzRgpamSl","Village Days","B","minor","B minor","jazz"
"Terrace Martin","7MNEVabc4cs19CbzAFZmXz","5UgntWXasSNmI0s3O8rS6b","album","2020-12-11",2020,"day",0.536,0.469,6,-7.964,1,0.0729,0.238,0.000127,0.118,0.342,89.507,"71rMhullKTdsOSzPwtSwIG","https://api.spotify.com/v1/audio-analysis/71rMhullKTdsOSzPwtSwIG",4,1,284066,FALSE,"https://api.spotify.com/v1/tracks/71rMhullKTdsOSzPwtSwIG",FALSE,"Always On My Mind","https://p.scdn.co/mp3-preview/5f6b79d69d4f1536a9cf6c7752a83c11e744cef5?cid=c22575ce003a46ba95e4590c10b3acb1",4,"track","spotify:track:71rMhullKTdsOSzPwtSwIG","https://open.spotify.com/track/71rMhullKTdsOSzPwtSwIG","Village Days","F#","major","F# major","jazz"
"Terrace Martin","7MNEVabc4cs19CbzAFZmXz","5UgntWXasSNmI0s3O8rS6b","album","2020-12-11",2020,"day",0.759,0.482,6,-9.187,0,0.0483,0.000338,0.909,0.111,0.309,91.128,"2Kr5f6jPmbzHE1Fn0jF88E","https://api.spotify.com/v1/audio-analysis/2Kr5f6jPmbzHE1Fn0jF88E",4,1,95866,FALSE,"https://api.spotify.com/v1/tracks/2Kr5f6jPmbzHE1Fn0jF88E",FALSE,"Village Days","https://p.scdn.co/mp3-preview/ec21327483fec243f42419d01fcd738f260ff95b?cid=c22575ce003a46ba95e4590c10b3acb1",5,"track","spotify:track:2Kr5f6jPmbzHE1Fn0jF88E","https://open.spotify.com/track/2Kr5f6jPmbzHE1Fn0jF88E","Village Days","F#","minor","F# minor","jazz"
"Terrace Martin","7MNEVabc4cs19CbzAFZmXz","5UgntWXasSNmI0s3O8rS6b","album","2020-12-11",2020,"day",0.684,0.39,8,-9.79,0,0.139,0.479,0.0187,0.12,0.25,120.169,"2GfaVDDO7ynJJOAKiNUDH6","https://api.spotify.com/v1/audio-analysis/2GfaVDDO7ynJJOAKiNUDH6",4,1,243178,FALSE,"https://api.spotify.com/v1/tracks/2GfaVDDO7ynJJOAKiNUDH6",FALSE,"Never Saw It Coming (feat. Zyah Belle & Chachi)","https://p.scdn.co/mp3-preview/71823e89f35d7199efad5200dae795dcdbf9e608?cid=c22575ce003a46ba95e4590c10b3acb1",6,"track","spotify:track:2GfaVDDO7ynJJOAKiNUDH6","https://open.spotify.com/track/2GfaVDDO7ynJJOAKiNUDH6","Village Days","G#","minor","G# minor","jazz"
"Terrace Martin","7MNEVabc4cs19CbzAFZmXz","5UgntWXasSNmI0s3O8rS6b","album","2020-12-11",2020,"day",0.307,0.162,1,-10.034,0,0.0306,0.985,0.00571,0.0784,0.0376,84.234,"16z8XJOl7NQo1A6Cb4I8lj","https://api.spotify.com/v1/audio-analysis/16z8XJOl7NQo1A6Cb4I8lj",4,1,236245,FALSE,"https://api.spotify.com/v1/tracks/16z8XJOl7NQo1A6Cb4I8lj",FALSE,"The Christmas Song (feat. Alex Isley)","https://p.scdn.co/mp3-preview/14498e765d2482eb97dd7b3c64b836917acf67bc?cid=c22575ce003a46ba95e4590c10b3acb1",7,"track","spotify:track:16z8XJOl7NQo1A6Cb4I8lj","https://open.spotify.com/track/16z8XJOl7NQo1A6Cb4I8lj","Village Days","C#","minor","C# minor","jazz"
"Terrace Martin","7MNEVabc4cs19CbzAFZmXz","6qqa1vvE1Q3qj2k8Gc3iEY","album","2020-10-09",2020,"day",0.544,0.665,8,-7.857,1,0.199,0.556,1.16e-06,0.507,0.48,91.31,"4ImbwgGOqvNnKJADZSI8lP","https://api.spotify.com/v1/audio-analysis/4ImbwgGOqvNnKJADZSI8lP",4,1,239020,TRUE,"https://api.spotify.com/v1/tracks/4ImbwgGOqvNnKJADZSI8lP",FALSE,"Sleepless Nights (feat. Buddy, Reuben Vincent & Phoelix)","https://p.scdn.co/mp3-preview/e0245b8f044fe0c7d3776eb6090bbb1b970c5b91?cid=c22575ce003a46ba95e4590c10b3acb1",1,"track","spotify:track:4ImbwgGOqvNnKJADZSI8lP","https://open.spotify.com/track/4ImbwgGOqvNnKJADZSI8lP","Dinner Party: Dessert","G#","major","G# major","jazz"
"Terrace Martin","7MNEVabc4cs19CbzAFZmXz","6qqa1vvE1Q3qj2k8Gc3iEY","album","2020-10-09",2020,"day",0.394,0.641,2,-6.767,1,0.378,0.0551,0.000171,0.254,0.445,176.462,"4bZ7AZNl13T2t5VI6Dzn1m","https://api.spotify.com/v1/audio-analysis/4bZ7AZNl13T2t5VI6Dzn1m",4,1,135160,TRUE,"https://api.spotify.com/v1/tracks/4bZ7AZNl13T2t5VI6Dzn1m",FALSE,"Love You Bad (feat. Malaya & Phoelix)","https://p.scdn.co/mp3-preview/4db020a9aa1ebc14594c1d73ffda799e041efd06?cid=c22575ce003a46ba95e4590c10b3acb1",2,"track","spotify:track:4bZ7AZNl13T2t5VI6Dzn1m","https://open.spotify.com/track/4bZ7AZNl13T2t5VI6Dzn1m","Dinner Party: Dessert","D","major","D major","jazz"
"Terrace Martin","7MNEVabc4cs19CbzAFZmXz","6qqa1vvE1Q3qj2k8Gc3iEY","album","2020-10-09",2020,"day",0.616,0.532,11,-9.675,0,0.0789,0.389,5.61e-06,0.124,0.458,92.9,"1G3T5V2s3fKF0jhSjr2ZjQ","https://api.spotify.com/v1/audio-analysis/1G3T5V2s3fKF0jhSjr2ZjQ",4,1,152113,TRUE,"https://api.spotify.com/v1/tracks/1G3T5V2s3fKF0jhSjr2ZjQ",FALSE,"From My Heart And My Soul (feat. Tarriona Tank Ball & Phoelix)","https://p.scdn.co/mp3-preview/204fbb51e74564cbc32628b61a9214502162a111?cid=c22575ce003a46ba95e4590c10b3acb1",3,"track","spotify:track:1G3T5V2s3fKF0jhSjr2ZjQ","https://open.spotify.com/track/1G3T5V2s3fKF0jhSjr2ZjQ","Dinner Party: Dessert","B","minor","B minor","jazz"
"Terrace Martin","7MNEVabc4cs19CbzAFZmXz","6qqa1vvE1Q3qj2k8Gc3iEY","album","2020-10-09",2020,"day",0.559,0.523,6,-7.749,1,0.329,0.0254,0.000841,0.151,0.606,163.15,"6oplbouOXAVc1EFKadVUuZ","https://api.spotify.com/v1/audio-analysis/6oplbouOXAVc1EFKadVUuZ",4,1,182397,TRUE,"https://api.spotify.com/v1/tracks/6oplbouOXAVc1EFKadVUuZ",FALSE,"First Responders (feat. Punch & Bilal)","https://p.scdn.co/mp3-preview/24b2efdede4dd0ee90ab992df49a1491a236f44e?cid=c22575ce003a46ba95e4590c10b3acb1",4,"track","spotify:track:6oplbouOXAVc1EFKadVUuZ","https://open.spotify.com/track/6oplbouOXAVc1EFKadVUuZ","Dinner Party: Dessert","F#","major","F# major","jazz"
"Terrace Martin","7MNEVabc4cs19CbzAFZmXz","6qqa1vvE1Q3qj2k8Gc3iEY","album","2020-10-09",2020,"day",0.512,0.769,6,-7.979,0,0.456,0.468,0,0.407,0.392,175.39,"2nPLlVPGNgmWYc0ovCUa10","https://api.spotify.com/v1/audio-analysis/2nPLlVPGNgmWYc0ovCUa10",4,1,136749,TRUE,"https://api.spotify.com/v1/tracks/2nPLlVPGNgmWYc0ovCUa10",FALSE,"The Mighty Tree (feat. Herbie Hancock, Rapsody & Kamasi Washington)","https://p.scdn.co/mp3-preview/0587c91fcaef55a9c48a5523f6482ff421ab6ed9?cid=c22575ce003a46ba95e4590c10b3acb1",5,"track","spotify:track:2nPLlVPGNgmWYc0ovCUa10","https://open.spotify.com/track/2nPLlVPGNgmWYc0ovCUa10","Dinner Party: Dessert","F#","minor","F# minor","jazz"
"Terrace Martin","7MNEVabc4cs19CbzAFZmXz","6qqa1vvE1Q3qj2k8Gc3iEY","album","2020-10-09",2020,"day",0.68,0.592,1,-7.669,1,0.443,0.282,0,0.192,0.111,83.129,"0rjvlFcg4QVi9dDzctDDGD","https://api.spotify.com/v1/audio-analysis/0rjvlFcg4QVi9dDzctDDGD",4,1,191375,TRUE,"https://api.spotify.com/v1/tracks/0rjvlFcg4QVi9dDzctDDGD",FALSE,"Freeze Tag (feat. Cordae & Phoelix)","https://p.scdn.co/mp3-preview/e74a9010c749d7a7cf78fc8da5d1ae7ee57a5516?cid=c22575ce003a46ba95e4590c10b3acb1",6,"track","spotify:track:0rjvlFcg4QVi9dDzctDDGD","https://open.spotify.com/track/0rjvlFcg4QVi9dDzctDDGD","Dinner Party: Dessert","C#","major","C# major","jazz"
"Terrace Martin","7MNEVabc4cs19CbzAFZmXz","6qqa1vvE1Q3qj2k8Gc3iEY","album","2020-10-09",2020,"day",0.385,0.381,8,-7.173,0,0.132,0.31,0,0.106,0.486,81.872,"2o39xu5iPPwLutKnKW3Nzp","https://api.spotify.com/v1/audio-analysis/2o39xu5iPPwLutKnKW3Nzp",4,1,198119,TRUE,"https://api.spotify.com/v1/tracks/2o39xu5iPPwLutKnKW3Nzp",FALSE,"LUV U (feat. Snoop Dogg & Alex Isley)","https://p.scdn.co/mp3-preview/20aeb40576e56a0c98184f7831cfd9a347fb621e?cid=c22575ce003a46ba95e4590c10b3acb1",7,"track","spotify:track:2o39xu5iPPwLutKnKW3Nzp","https://open.spotify.com/track/2o39xu5iPPwLutKnKW3Nzp","Dinner Party: Dessert","G#","minor","G# minor","jazz"
"Terrace Martin","7MNEVabc4cs19CbzAFZmXz","4Wq9dC08uEtSuGc8mFwC3r","album","2020-07-10",2020,"day",0.652,0.671,8,-7.254,1,0.0446,0.492,0.0863,0.0873,0.249,91.518,"6h7jn2jE2EqJadOkDXsDJh","https://api.spotify.com/v1/audio-analysis/6h7jn2jE2EqJadOkDXsDJh",4,1,179226,FALSE,"https://api.spotify.com/v1/tracks/6h7jn2jE2EqJadOkDXsDJh",FALSE,"Sleepless Nights (feat. Phoelix)","https://p.scdn.co/mp3-preview/369549d135e9c7b049a7869d9df3a9ec45aaafbe?cid=c22575ce003a46ba95e4590c10b3acb1",1,"track","spotify:track:6h7jn2jE2EqJadOkDXsDJh","https://open.spotify.com/track/6h7jn2jE2EqJadOkDXsDJh","Dinner Party","G#","major","G# major","jazz"
"Terrace Martin","7MNEVabc4cs19CbzAFZmXz","4Wq9dC08uEtSuGc8mFwC3r","album","2020-07-10",2020,"day",0.775,0.767,6,-6.545,0,0.1,0.0201,0.18,0.171,0.646,89.553,"1BkK2fQUGALz7AaOSo7Swh","https://api.spotify.com/v1/audio-analysis/1BkK2fQUGALz7AaOSo7Swh",4,1,168203,FALSE,"https://api.spotify.com/v1/tracks/1BkK2fQUGALz7AaOSo7Swh",FALSE,"Love You Bad (feat. Phoelix)","https://p.scdn.co/mp3-preview/f85d15e1f3f3456e34d8f775565382d5d1b0f4e9?cid=c22575ce003a46ba95e4590c10b3acb1",2,"track","spotify:track:1BkK2fQUGALz7AaOSo7Swh","https://open.spotify.com/track/1BkK2fQUGALz7AaOSo7Swh","Dinner Party","F#","minor","F# minor","jazz"
"Terrace Martin","7MNEVabc4cs19CbzAFZmXz","4Wq9dC08uEtSuGc8mFwC3r","album","2020-07-10",2020,"day",0.696,0.538,11,-6.808,0,0.0904,0.117,0.157,0.108,0.615,93.07,"3Czw867MbvBiyEd1QCvjmq","https://api.spotify.com/v1/audio-analysis/3Czw867MbvBiyEd1QCvjmq",4,1,150496,FALSE,"https://api.spotify.com/v1/tracks/3Czw867MbvBiyEd1QCvjmq",FALSE,"From My Heart and My Soul (feat. Phoelix)","https://p.scdn.co/mp3-preview/9592fe7b64abf00a4e5e95333456ef91dfb15c56?cid=c22575ce003a46ba95e4590c10b3acb1",3,"track","spotify:track:3Czw867MbvBiyEd1QCvjmq","https://open.spotify.com/track/3Czw867MbvBiyEd1QCvjmq","Dinner Party","B","minor","B minor","jazz"
"Terrace Martin","7MNEVabc4cs19CbzAFZmXz","4Wq9dC08uEtSuGc8mFwC3r","album","2020-07-10",2020,"day",0.645,0.816,8,-6.613,0,0.142,0.144,0.461,0.105,0.542,95.49,"1ux778Ljln0QEitz2fB4PH","https://api.spotify.com/v1/audio-analysis/1ux778Ljln0QEitz2fB4PH",4,1,289583,FALSE,"https://api.spotify.com/v1/tracks/1ux778Ljln0QEitz2fB4PH",FALSE,"First Responders","https://p.scdn.co/mp3-preview/2d56f3913f76aacaf1482f4af1da05f65119e909?cid=c22575ce003a46ba95e4590c10b3acb1",4,"track","spotify:track:1ux778Ljln0QEitz2fB4PH","https://open.spotify.com/track/1ux778Ljln0QEitz2fB4PH","Dinner Party","G#","minor","G# minor","jazz"
"Terrace Martin","7MNEVabc4cs19CbzAFZmXz","4Wq9dC08uEtSuGc8mFwC3r","album","2020-07-10",2020,"day",0.566,0.78,6,-7.207,0,0.0337,0.0108,0.787,0.107,0.526,175.654,"54PGi7dS63CTxz4tD7CCzj","https://api.spotify.com/v1/audio-analysis/54PGi7dS63CTxz4tD7CCzj",4,1,174505,FALSE,"https://api.spotify.com/v1/tracks/54PGi7dS63CTxz4tD7CCzj",FALSE,"The Mighty Tree (feat. Kamasi Washington)","https://p.scdn.co/mp3-preview/047322d9ee64827f479c062ec255f8293b5d3e2b?cid=c22575ce003a46ba95e4590c10b3acb1",5,"track","spotify:track:54PGi7dS63CTxz4tD7CCzj","https://open.spotify.com/track/54PGi7dS63CTxz4tD7CCzj","Dinner Party","F#","minor","F# minor","jazz"
"Terrace Martin","7MNEVabc4cs19CbzAFZmXz","4Wq9dC08uEtSuGc8mFwC3r","album","2020-07-10",2020,"day",0.653,0.598,11,-6.928,1,0.113,0.0596,0,0.253,0.137,82.911,"47v4uUtj5AukJmCbMq4Kry","https://api.spotify.com/v1/audio-analysis/47v4uUtj5AukJmCbMq4Kry",4,1,191936,FALSE,"https://api.spotify.com/v1/tracks/47v4uUtj5AukJmCbMq4Kry",FALSE,"Freeze Tag (feat. Phoelix)","https://p.scdn.co/mp3-preview/9dcca07cf17f818fae0b0b21d02143665fbb734c?cid=c22575ce003a46ba95e4590c10b3acb1",6,"track","spotify:track:47v4uUtj5AukJmCbMq4Kry","https://open.spotify.com/track/47v4uUtj5AukJmCbMq4Kry","Dinner Party","B","major","B major","jazz"
"Terrace Martin","7MNEVabc4cs19CbzAFZmXz","4Wq9dC08uEtSuGc8mFwC3r","album","2020-07-10",2020,"day",0.464,0.264,1,-7.682,0,0.16,0.041,0.00301,0.128,0.431,79.598,"7gSgudVRXpsMrPLaSDwemo","https://api.spotify.com/v1/audio-analysis/7gSgudVRXpsMrPLaSDwemo",4,1,229954,FALSE,"https://api.spotify.com/v1/tracks/7gSgudVRXpsMrPLaSDwemo",FALSE,"LUV U","https://p.scdn.co/mp3-preview/3a45ed84c8c4f64c9e54535b03c63f505d779394?cid=c22575ce003a46ba95e4590c10b3acb1",7,"track","spotify:track:7gSgudVRXpsMrPLaSDwemo","https://open.spotify.com/track/7gSgudVRXpsMrPLaSDwemo","Dinner Party","C#","minor","C# minor","jazz"
"Terrace Martin","7MNEVabc4cs19CbzAFZmXz","4tfomAZjkkF736D6WTK7tC","album","2016-04-01",2016,"day",0.232,0.27,10,-12.323,0,0.0324,0.0714,0.218,0.584,0.0366,138.942,"0AoPTAuPVk50FJMMlU49V9","https://api.spotify.com/v1/audio-analysis/0AoPTAuPVk50FJMMlU49V9",5,1,93546,FALSE,"https://api.spotify.com/v1/tracks/0AoPTAuPVk50FJMMlU49V9",FALSE,"Velvet Portraits","https://p.scdn.co/mp3-preview/3e4922e6cd1f83e5ae6b5548ecd3660ae41b800f?cid=c22575ce003a46ba95e4590c10b3acb1",1,"track","spotify:track:0AoPTAuPVk50FJMMlU49V9","https://open.spotify.com/track/0AoPTAuPVk50FJMMlU49V9","Velvet Portraits","A#","minor","A# minor","jazz"
"Terrace Martin","7MNEVabc4cs19CbzAFZmXz","4tfomAZjkkF736D6WTK7tC","album","2016-04-01",2016,"day",0.487,0.627,10,-8.81,0,0.0376,0.163,0.806,0.138,0.702,149.727,"7fxtMDpT54D3aGWs9nh6MH","https://api.spotify.com/v1/audio-analysis/7fxtMDpT54D3aGWs9nh6MH",4,1,271080,FALSE,"https://api.spotify.com/v1/tracks/7fxtMDpT54D3aGWs9nh6MH",FALSE,"Valdez Off Crenshaw","https://p.scdn.co/mp3-preview/710efede16c9bd3c9b72a9c5851a68dad9919a26?cid=c22575ce003a46ba95e4590c10b3acb1",2,"track","spotify:track:7fxtMDpT54D3aGWs9nh6MH","https://open.spotify.com/track/7fxtMDpT54D3aGWs9nh6MH","Velvet Portraits","A#","minor","A# minor","jazz"
"Terrace Martin","7MNEVabc4cs19CbzAFZmXz","4tfomAZjkkF736D6WTK7tC","album","2016-04-01",2016,"day",0.747,0.661,8,-9.387,1,0.0749,0.157,0.00953,0.301,0.964,128.51,"2HsQAe836ARC6dqJP5AiWR","https://api.spotify.com/v1/audio-analysis/2HsQAe836ARC6dqJP5AiWR",4,1,276351,FALSE,"https://api.spotify.com/v1/tracks/2HsQAe836ARC6dqJP5AiWR",FALSE,"Push","https://p.scdn.co/mp3-preview/54801d6a1930b6c11a0c67c29dca18771bd3154a?cid=c22575ce003a46ba95e4590c10b3acb1",3,"track","spotify:track:2HsQAe836ARC6dqJP5AiWR","https://open.spotify.com/track/2HsQAe836ARC6dqJP5AiWR","Velvet Portraits","G#","major","G# major","jazz"
"Terrace Martin","7MNEVabc4cs19CbzAFZmXz","4tfomAZjkkF736D6WTK7tC","album","2016-04-01",2016,"day",0.452,0.384,8,-8.571,0,0.262,0.246,0.000349,0.0684,0.392,182.486,"34RnMx1hRtypnn03BkTkHV","https://api.spotify.com/v1/audio-analysis/34RnMx1hRtypnn03BkTkHV",4,1,248634,FALSE,"https://api.spotify.com/v1/tracks/34RnMx1hRtypnn03BkTkHV",FALSE,"With You","https://p.scdn.co/mp3-preview/c5f562d757731fb1972fbbd986bc3828df83111c?cid=c22575ce003a46ba95e4590c10b3acb1",4,"track","spotify:track:34RnMx1hRtypnn03BkTkHV","https://open.spotify.com/track/34RnMx1hRtypnn03BkTkHV","Velvet Portraits","G#","minor","G# minor","jazz"
"Terrace Martin","7MNEVabc4cs19CbzAFZmXz","4tfomAZjkkF736D6WTK7tC","album","2016-04-01",2016,"day",0.279,0.558,5,-10.603,0,0.14,0.288,0.57,0.4,0.289,70.71,"4cvmEup5ujVC0xjlrF62Gk","https://api.spotify.com/v1/audio-analysis/4cvmEup5ujVC0xjlrF62Gk",4,1,441839,FALSE,"https://api.spotify.com/v1/tracks/4cvmEup5ujVC0xjlrF62Gk",FALSE,"Curly Martin","https://p.scdn.co/mp3-preview/d19c6e87144c762d11bd256d6f4f9d9a81abecbe?cid=c22575ce003a46ba95e4590c10b3acb1",5,"track","spotify:track:4cvmEup5ujVC0xjlrF62Gk","https://open.spotify.com/track/4cvmEup5ujVC0xjlrF62Gk","Velvet Portraits","F","minor","F minor","jazz"
"Terrace Martin","7MNEVabc4cs19CbzAFZmXz","4tfomAZjkkF736D6WTK7tC","album","2016-04-01",2016,"day",0.414,0.527,4,-9.302,0,0.0365,0.117,0.154,0.598,0.213,108.139,"6CUTmgI6Xj0lED0vEE8u3T","https://api.spotify.com/v1/audio-analysis/6CUTmgI6Xj0lED0vEE8u3T",4,1,332735,FALSE,"https://api.spotify.com/v1/tracks/6CUTmgI6Xj0lED0vEE8u3T",FALSE,"Never Enough","https://p.scdn.co/mp3-preview/16f95da0fb378e1294ec24952c512f791904a06c?cid=c22575ce003a46ba95e4590c10b3acb1",6,"track","spotify:track:6CUTmgI6Xj0lED0vEE8u3T","https://open.spotify.com/track/6CUTmgI6Xj0lED0vEE8u3T","Velvet Portraits","E","minor","E minor","jazz"
"Terrace Martin","7MNEVabc4cs19CbzAFZmXz","4tfomAZjkkF736D6WTK7tC","album","2016-04-01",2016,"day",0.7,0.55,6,-6.02,1,0.388,0.279,0.158,0.249,0.663,100.974,"0W7gacwZdstnsFelrKgUkO","https://api.spotify.com/v1/audio-analysis/0W7gacwZdstnsFelrKgUkO",4,1,242699,FALSE,"https://api.spotify.com/v1/tracks/0W7gacwZdstnsFelrKgUkO",FALSE,"Turkey Taco","https://p.scdn.co/mp3-preview/9d24d2c45e32f52b271b80f4487e32e5c23b1113?cid=c22575ce003a46ba95e4590c10b3acb1",7,"track","spotify:track:0W7gacwZdstnsFelrKgUkO","https://open.spotify.com/track/0W7gacwZdstnsFelrKgUkO","Velvet Portraits","F#","major","F# major","jazz"
"Terrace Martin","7MNEVabc4cs19CbzAFZmXz","4tfomAZjkkF736D6WTK7tC","album","2016-04-01",2016,"day",0.332,0.584,0,-7.426,1,0.0409,0.0735,1.96e-05,0.158,0.275,142.989,"7yRzeIC7XEnTH9s2tbScBT","https://api.spotify.com/v1/audio-analysis/7yRzeIC7XEnTH9s2tbScBT",3,1,421262,FALSE,"https://api.spotify.com/v1/tracks/7yRzeIC7XEnTH9s2tbScBT",FALSE,"Patiently Waiting","https://p.scdn.co/mp3-preview/1d61e6763497babe510a2a865696ff3bfd637326?cid=c22575ce003a46ba95e4590c10b3acb1",8,"track","spotify:track:7yRzeIC7XEnTH9s2tbScBT","https://open.spotify.com/track/7yRzeIC7XEnTH9s2tbScBT","Velvet Portraits","C","major","C major","jazz"
"Terrace Martin","7MNEVabc4cs19CbzAFZmXz","4tfomAZjkkF736D6WTK7tC","album","2016-04-01",2016,"day",0.764,0.843,5,-9.43,0,0.163,0.221,0.771,0.552,0.631,95.01,"3Ou9qyqCLrawdCnvkR7rJe","https://api.spotify.com/v1/audio-analysis/3Ou9qyqCLrawdCnvkR7rJe",4,1,154744,FALSE,"https://api.spotify.com/v1/tracks/3Ou9qyqCLrawdCnvkR7rJe",FALSE,"Tribe Called West","https://p.scdn.co/mp3-preview/e86e2bd706a61043d5b62f7841e1fe6f19ba9f28?cid=c22575ce003a46ba95e4590c10b3acb1",9,"track","spotify:track:3Ou9qyqCLrawdCnvkR7rJe","https://open.spotify.com/track/3Ou9qyqCLrawdCnvkR7rJe","Velvet Portraits","F","minor","F minor","jazz"
"Terrace Martin","7MNEVabc4cs19CbzAFZmXz","4tfomAZjkkF736D6WTK7tC","album","2016-04-01",2016,"day",0.294,0.375,5,-13.001,0,0.0346,0.311,0.0384,0.513,0.129,105.37,"2LAF0qlnrN6IcyQtxraztr","https://api.spotify.com/v1/audio-analysis/2LAF0qlnrN6IcyQtxraztr",4,1,263011,FALSE,"https://api.spotify.com/v1/tracks/2LAF0qlnrN6IcyQtxraztr",FALSE,"Oakland","https://p.scdn.co/mp3-preview/9d12d624962f941d8348683d162d181db0d773e5?cid=c22575ce003a46ba95e4590c10b3acb1",10,"track","spotify:track:2LAF0qlnrN6IcyQtxraztr","https://open.spotify.com/track/2LAF0qlnrN6IcyQtxraztr","Velvet Portraits","F","minor","F minor","jazz"
"Terrace Martin","7MNEVabc4cs19CbzAFZmXz","4tfomAZjkkF736D6WTK7tC","album","2016-04-01",2016,"day",0.607,0.549,10,-14.53,0,0.032,0.202,0.879,0.139,0.844,120.35,"0chSQ5gYuX7GXYGiu4iUps","https://api.spotify.com/v1/audio-analysis/0chSQ5gYuX7GXYGiu4iUps",4,1,217326,FALSE,"https://api.spotify.com/v1/tracks/0chSQ5gYuX7GXYGiu4iUps",FALSE,"Bromali","https://p.scdn.co/mp3-preview/be0d172c075ff5d6a01da9c813176f3d994acdf6?cid=c22575ce003a46ba95e4590c10b3acb1",11,"track","spotify:track:0chSQ5gYuX7GXYGiu4iUps","https://open.spotify.com/track/0chSQ5gYuX7GXYGiu4iUps","Velvet Portraits","A#","minor","A# minor","jazz"
"Terrace Martin","7MNEVabc4cs19CbzAFZmXz","4tfomAZjkkF736D6WTK7tC","album","2016-04-01",2016,"day",0.464,0.579,8,-8.109,0,0.0362,0.136,0.369,0.576,0.234,113.588,"3lKRTuPCPZlhE2zDNkB7A0","https://api.spotify.com/v1/audio-analysis/3lKRTuPCPZlhE2zDNkB7A0",4,1,348403,FALSE,"https://api.spotify.com/v1/tracks/3lKRTuPCPZlhE2zDNkB7A0",FALSE,"Think of you","https://p.scdn.co/mp3-preview/82b0837a55639b3247228beed942086d35d127cc?cid=c22575ce003a46ba95e4590c10b3acb1",12,"track","spotify:track:3lKRTuPCPZlhE2zDNkB7A0","https://open.spotify.com/track/3lKRTuPCPZlhE2zDNkB7A0","Velvet Portraits","G#","minor","G# minor","jazz"
"Terrace Martin","7MNEVabc4cs19CbzAFZmXz","4tfomAZjkkF736D6WTK7tC","album","2016-04-01",2016,"day",0.251,0.417,3,-7.708,1,0.0333,0.805,0.0109,0.174,0.128,140.557,"13HIXInu2lD7L5UjncSwzi","https://api.spotify.com/v1/audio-analysis/13HIXInu2lD7L5UjncSwzi",3,1,187508,FALSE,"https://api.spotify.com/v1/tracks/13HIXInu2lD7L5UjncSwzi",FALSE,"Reverse","https://p.scdn.co/mp3-preview/51f6eaaf249608e7921ec974b4f0b04b9af1f60d?cid=c22575ce003a46ba95e4590c10b3acb1",13,"track","spotify:track:13HIXInu2lD7L5UjncSwzi","https://open.spotify.com/track/13HIXInu2lD7L5UjncSwzi","Velvet Portraits","D#","major","D# major","jazz"
"Terrace Martin","7MNEVabc4cs19CbzAFZmXz","4tfomAZjkkF736D6WTK7tC","album","2016-04-01",2016,"day",0.267,0.308,10,-13.153,0,0.0514,0.826,0.906,0.0842,0.0922,73.929,"2HhR0HYyFhVqenlKpDEVmH","https://api.spotify.com/v1/audio-analysis/2HhR0HYyFhVqenlKpDEVmH",4,1,706081,FALSE,"https://api.spotify.com/v1/tracks/2HhR0HYyFhVqenlKpDEVmH",FALSE,"Mortal Man","https://p.scdn.co/mp3-preview/30a0daf9e4e021456e1d67d0dde879aa1a23dd82?cid=c22575ce003a46ba95e4590c10b3acb1",14,"track","spotify:track:2HhR0HYyFhVqenlKpDEVmH","https://open.spotify.com/track/2HhR0HYyFhVqenlKpDEVmH","Velvet Portraits","A#","minor","A# minor","jazz"
"Terrace Martin","7MNEVabc4cs19CbzAFZmXz","6iXBIx1mSzKkLhbgNPitaV","album","2014-11-18",2014,"day",0.193,0.248,5,-19.679,1,0.0463,0.78,0.00511,0.112,0.039,155.114,"4IwgipQIVg1BhOd9vr5uQf","https://api.spotify.com/v1/audio-analysis/4IwgipQIVg1BhOd9vr5uQf",5,1,107647,TRUE,"https://api.spotify.com/v1/tracks/4IwgipQIVg1BhOd9vr5uQf",FALSE,"Christmas Love","https://p.scdn.co/mp3-preview/dde46183167f3f6dd309604bd6f1b97ba70481f0?cid=c22575ce003a46ba95e4590c10b3acb1",1,"track","spotify:track:4IwgipQIVg1BhOd9vr5uQf","https://open.spotify.com/track/4IwgipQIVg1BhOd9vr5uQf","Times","F","major","F major","jazz"
"Terrace Martin","7MNEVabc4cs19CbzAFZmXz","6iXBIx1mSzKkLhbgNPitaV","album","2014-11-18",2014,"day",0.629,0.282,10,-16.606,0,0.0388,0.0192,0.672,0.46,0.238,76.998,"6wxdtG53xZDNjjQFRmOUgI","https://api.spotify.com/v1/audio-analysis/6wxdtG53xZDNjjQFRmOUgI",4,1,234776,TRUE,"https://api.spotify.com/v1/tracks/6wxdtG53xZDNjjQFRmOUgI",FALSE,"God Rest Ye Merry Gentlemen","https://p.scdn.co/mp3-preview/b997390a7a4df480aef0139d47690079bc112075?cid=c22575ce003a46ba95e4590c10b3acb1",2,"track","spotify:track:6wxdtG53xZDNjjQFRmOUgI","https://open.spotify.com/track/6wxdtG53xZDNjjQFRmOUgI","Times","A#","minor","A# minor","jazz"
"Terrace Martin","7MNEVabc4cs19CbzAFZmXz","6iXBIx1mSzKkLhbgNPitaV","album","2014-11-18",2014,"day",0.396,0.168,1,-21.192,1,0.0777,0.715,0.0278,0.0865,0.244,116.92,"4cLeRZVpppQ46rEvHB3HxF","https://api.spotify.com/v1/audio-analysis/4cLeRZVpppQ46rEvHB3HxF",5,1,288298,TRUE,"https://api.spotify.com/v1/tracks/4cLeRZVpppQ46rEvHB3HxF",FALSE,"You And Me","https://p.scdn.co/mp3-preview/0b3634772ce9d6c69e585bc351b529ee6f8b99f3?cid=c22575ce003a46ba95e4590c10b3acb1",3,"track","spotify:track:4cLeRZVpppQ46rEvHB3HxF","https://open.spotify.com/track/4cLeRZVpppQ46rEvHB3HxF","Times","C#","major","C# major","jazz"
"Terrace Martin","7MNEVabc4cs19CbzAFZmXz","6iXBIx1mSzKkLhbgNPitaV","album","2014-11-18",2014,"day",0.724,0.22,0,-11.678,0,0.0314,0.0544,0.307,0.0253,0.392,90.056,"2UMm3IcRx2IEEcx7pI3nMK","https://api.spotify.com/v1/audio-analysis/2UMm3IcRx2IEEcx7pI3nMK",4,1,267215,TRUE,"https://api.spotify.com/v1/tracks/2UMm3IcRx2IEEcx7pI3nMK",FALSE,"Ten West","https://p.scdn.co/mp3-preview/05311a844ad916ed32c4cdb8e68f409248699b12?cid=c22575ce003a46ba95e4590c10b3acb1",4,"track","spotify:track:2UMm3IcRx2IEEcx7pI3nMK","https://open.spotify.com/track/2UMm3IcRx2IEEcx7pI3nMK","Times","C","minor","C minor","jazz"
"Terrace Martin","7MNEVabc4cs19CbzAFZmXz","6iXBIx1mSzKkLhbgNPitaV","album","2014-11-18",2014,"day",0.486,0.553,5,-9.051,0,0.0331,0.0893,1.98e-05,0.256,0.505,88.946,"2wvLe8UefiogG0iuBePMrl","https://api.spotify.com/v1/audio-analysis/2wvLe8UefiogG0iuBePMrl",4,1,229865,TRUE,"https://api.spotify.com/v1/tracks/2wvLe8UefiogG0iuBePMrl",FALSE,"Gumbo Love","https://p.scdn.co/mp3-preview/28eaf59bd91dff0b3957d49f454b339bd2d0f199?cid=c22575ce003a46ba95e4590c10b3acb1",5,"track","spotify:track:2wvLe8UefiogG0iuBePMrl","https://open.spotify.com/track/2wvLe8UefiogG0iuBePMrl","Times","F","minor","F minor","jazz"
"Terrace Martin","7MNEVabc4cs19CbzAFZmXz","6iXBIx1mSzKkLhbgNPitaV","album","2014-11-18",2014,"day",0.542,0.464,1,-14.665,1,0.0333,0.55,0.856,0.056,0.187,141.981,"5zXe7aov4cJS3fji6LaKNj","https://api.spotify.com/v1/audio-analysis/5zXe7aov4cJS3fji6LaKNj",4,1,270721,TRUE,"https://api.spotify.com/v1/tracks/5zXe7aov4cJS3fji6LaKNj",FALSE,"Luv Lulluby","https://p.scdn.co/mp3-preview/f3e2763cb6119693668dd7c74c4f6d2e3a34aa7e?cid=c22575ce003a46ba95e4590c10b3acb1",6,"track","spotify:track:5zXe7aov4cJS3fji6LaKNj","https://open.spotify.com/track/5zXe7aov4cJS3fji6LaKNj","Times","C#","major","C# major","jazz"
"Terrace Martin","7MNEVabc4cs19CbzAFZmXz","6iXBIx1mSzKkLhbgNPitaV","album","2014-11-18",2014,"day",0.37,0.273,5,-12.918,1,0.0538,0.564,0.000295,0.0928,0.42,66.168,"31Q7duURZ7aWxdSZIMYASR","https://api.spotify.com/v1/audio-analysis/31Q7duURZ7aWxdSZIMYASR",4,1,136019,TRUE,"https://api.spotify.com/v1/tracks/31Q7duURZ7aWxdSZIMYASR",FALSE,"Drummer Boy","https://p.scdn.co/mp3-preview/3c6c631fb63eca124848608e630cb87047c51279?cid=c22575ce003a46ba95e4590c10b3acb1",7,"track","spotify:track:31Q7duURZ7aWxdSZIMYASR","https://open.spotify.com/track/31Q7duURZ7aWxdSZIMYASR","Times","F","major","F major","jazz"
"Terrace Martin","7MNEVabc4cs19CbzAFZmXz","6iXBIx1mSzKkLhbgNPitaV","album","2014-11-18",2014,"day",0.705,0.423,8,-11.925,1,0.0463,0.0186,0.243,0.0913,0.614,93.007,"19HxARvNa24qzn7CIhgtZB","https://api.spotify.com/v1/audio-analysis/19HxARvNa24qzn7CIhgtZB",4,1,264510,TRUE,"https://api.spotify.com/v1/tracks/19HxARvNa24qzn7CIhgtZB",FALSE,"Silent Night","https://p.scdn.co/mp3-preview/d12f9c9476bdefaa7ccf5376e30a170410ec653d?cid=c22575ce003a46ba95e4590c10b3acb1",8,"track","spotify:track:19HxARvNa24qzn7CIhgtZB","https://open.spotify.com/track/19HxARvNa24qzn7CIhgtZB","Times","G#","major","G# major","jazz"
"Terrace Martin","7MNEVabc4cs19CbzAFZmXz","6iXBIx1mSzKkLhbgNPitaV","album","2014-11-18",2014,"day",0.281,0.342,5,-10.735,1,0.0322,0.811,0.000191,0.775,0.187,79.141,"0rMO50OUwoWBcU4V3lsBDy","https://api.spotify.com/v1/audio-analysis/0rMO50OUwoWBcU4V3lsBDy",4,1,345763,TRUE,"https://api.spotify.com/v1/tracks/0rMO50OUwoWBcU4V3lsBDy",FALSE,"I Love You So","https://p.scdn.co/mp3-preview/aa430b03bcf8a0dacd4f90426b28be718b1d1ffa?cid=c22575ce003a46ba95e4590c10b3acb1",9,"track","spotify:track:0rMO50OUwoWBcU4V3lsBDy","https://open.spotify.com/track/0rMO50OUwoWBcU4V3lsBDy","Times","F","major","F major","jazz"
"Terrace Martin","7MNEVabc4cs19CbzAFZmXz","6iXBIx1mSzKkLhbgNPitaV","album","2014-11-18",2014,"day",0.737,0.29,8,-11.931,0,0.187,0.0359,0.144,0.0588,0.434,176.121,"3B22CYnFaYq1MKvrpCR14a","https://api.spotify.com/v1/audio-analysis/3B22CYnFaYq1MKvrpCR14a",4,1,254653,TRUE,"https://api.spotify.com/v1/tracks/3B22CYnFaYq1MKvrpCR14a",FALSE,"For Ever With You","https://p.scdn.co/mp3-preview/ca81973835c9b682d4b007196b6e16e87a912647?cid=c22575ce003a46ba95e4590c10b3acb1",10,"track","spotify:track:3B22CYnFaYq1MKvrpCR14a","https://open.spotify.com/track/3B22CYnFaYq1MKvrpCR14a","Times","G#","minor","G# minor","jazz"
"Terrace Martin","7MNEVabc4cs19CbzAFZmXz","6iXBIx1mSzKkLhbgNPitaV","album","2014-11-18",2014,"day",0.693,0.392,9,-13.466,0,0.0339,0.0761,0,0.116,0.42,102.922,"1TepWoct40tUbIYdfZXKRh","https://api.spotify.com/v1/audio-analysis/1TepWoct40tUbIYdfZXKRh",4,1,311590,TRUE,"https://api.spotify.com/v1/tracks/1TepWoct40tUbIYdfZXKRh",FALSE,"All Year","https://p.scdn.co/mp3-preview/e760dbceb32c4e3482915bb4bff380f424bd9a83?cid=c22575ce003a46ba95e4590c10b3acb1",11,"track","spotify:track:1TepWoct40tUbIYdfZXKRh","https://open.spotify.com/track/1TepWoct40tUbIYdfZXKRh","Times","A","minor","A minor","jazz"
"Terrace Martin","7MNEVabc4cs19CbzAFZmXz","6iXBIx1mSzKkLhbgNPitaV","album","2014-11-18",2014,"day",0.321,0.0947,1,-16.041,1,0.0333,0.894,1.41e-05,0.121,0.0583,111.192,"506ttYT3twPHPgwfsze5UX","https://api.spotify.com/v1/audio-analysis/506ttYT3twPHPgwfsze5UX",4,1,287998,TRUE,"https://api.spotify.com/v1/tracks/506ttYT3twPHPgwfsze5UX",FALSE,"Christmas Heart","https://p.scdn.co/mp3-preview/081efc299a1b30e0577e6ef42e5ac4afc6aace97?cid=c22575ce003a46ba95e4590c10b3acb1",12,"track","spotify:track:506ttYT3twPHPgwfsze5UX","https://open.spotify.com/track/506ttYT3twPHPgwfsze5UX","Times","C#","major","C# major","jazz"
"Terrace Martin","7MNEVabc4cs19CbzAFZmXz","6iXBIx1mSzKkLhbgNPitaV","album","2014-11-18",2014,"day",0.449,0.205,1,-14.216,1,0.0388,0.732,3.27e-05,0.105,0.0568,123.052,"5ZkrURlnQyg02HzE5IDhKJ","https://api.spotify.com/v1/audio-analysis/5ZkrURlnQyg02HzE5IDhKJ",3,1,474907,TRUE,"https://api.spotify.com/v1/tracks/5ZkrURlnQyg02HzE5IDhKJ",FALSE,"I Love You","https://p.scdn.co/mp3-preview/74638bbdb425c68e5974360cf4bd8f868bc05078?cid=c22575ce003a46ba95e4590c10b3acb1",13,"track","spotify:track:5ZkrURlnQyg02HzE5IDhKJ","https://open.spotify.com/track/5ZkrURlnQyg02HzE5IDhKJ","Times","C#","major","C# major","jazz"
"Terrace Martin","7MNEVabc4cs19CbzAFZmXz","2RtYSN590nisDeVMevJsrr","album","2014-05-20",2014,"day",0.48,0.191,1,-17.363,1,0.225,0.718,0,0.544,0.64,77.84,"69xCYKRjuf8mpUVdh6ZkRu","https://api.spotify.com/v1/audio-analysis/69xCYKRjuf8mpUVdh6ZkRu",4,1,160362,TRUE,"https://api.spotify.com/v1/tracks/69xCYKRjuf8mpUVdh6ZkRu",FALSE,"Pulse (feat. Preston Harris)","https://p.scdn.co/mp3-preview/f2d0b66fbe4f6885a2baadd9759665f11d3df4dc?cid=c22575ce003a46ba95e4590c10b3acb1",1,"track","spotify:track:69xCYKRjuf8mpUVdh6ZkRu","https://open.spotify.com/track/69xCYKRjuf8mpUVdh6ZkRu","3ChordFold Pulse","C#","major","C# major","jazz"
"Terrace Martin","7MNEVabc4cs19CbzAFZmXz","2RtYSN590nisDeVMevJsrr","album","2014-05-20",2014,"day",0.553,0.305,5,-19.584,0,0.0433,0.317,0.000136,0.141,0.519,99.768,"1iOtDQZ1kamIhbOVgtTdk8","https://api.spotify.com/v1/audio-analysis/1iOtDQZ1kamIhbOVgtTdk8",4,1,196542,TRUE,"https://api.spotify.com/v1/tracks/1iOtDQZ1kamIhbOVgtTdk8",FALSE,"Its Yours (feat. Robert Glasper)","https://p.scdn.co/mp3-preview/7c7f83caf81a865e1a3ae4d3f53ce852b7af4b20?cid=c22575ce003a46ba95e4590c10b3acb1",2,"track","spotify:track:1iOtDQZ1kamIhbOVgtTdk8","https://open.spotify.com/track/1iOtDQZ1kamIhbOVgtTdk8","3ChordFold Pulse","F","minor","F minor","jazz"
"Terrace Martin","7MNEVabc4cs19CbzAFZmXz","2RtYSN590nisDeVMevJsrr","album","2014-05-20",2014,"day",0.402,0.161,1,-21.318,1,0.0742,0.736,0.0341,0.108,0.2,119.452,"64iQenZP6Q8qYIQ2KCjwqB","https://api.spotify.com/v1/audio-analysis/64iQenZP6Q8qYIQ2KCjwqB",5,1,311705,TRUE,"https://api.spotify.com/v1/tracks/64iQenZP6Q8qYIQ2KCjwqB",FALSE,"You & Me (feat. Preston Harris)","https://p.scdn.co/mp3-preview/ad164aeae10c4268e000247ae86fd1301b08d8bb?cid=c22575ce003a46ba95e4590c10b3acb1",3,"track","spotify:track:64iQenZP6Q8qYIQ2KCjwqB","https://open.spotify.com/track/64iQenZP6Q8qYIQ2KCjwqB","3ChordFold Pulse","C#","major","C# major","jazz"
"Terrace Martin","7MNEVabc4cs19CbzAFZmXz","2RtYSN590nisDeVMevJsrr","album","2014-05-20",2014,"day",0.384,0.61,1,-9.955,1,0.128,0.417,0,0.275,0.612,86.491,"0AgSl6aTILgiwY8rAWnmPR","https://api.spotify.com/v1/audio-analysis/0AgSl6aTILgiwY8rAWnmPR",4,1,194849,TRUE,"https://api.spotify.com/v1/tracks/0AgSl6aTILgiwY8rAWnmPR",FALSE,"Lets Go Get Stoned (feat. Snoop Dogg, Tone Trezure)","https://p.scdn.co/mp3-preview/56e83547627db80f9d6a0c6e90cf4f3b0c1f09d3?cid=c22575ce003a46ba95e4590c10b3acb1",4,"track","spotify:track:0AgSl6aTILgiwY8rAWnmPR","https://open.spotify.com/track/0AgSl6aTILgiwY8rAWnmPR","3ChordFold Pulse","C#","major","C# major","jazz"
"Terrace Martin","7MNEVabc4cs19CbzAFZmXz","2RtYSN590nisDeVMevJsrr","album","2014-05-20",2014,"day",0.422,0.341,6,-15.058,1,0.231,0.713,2.59e-06,0.294,0.463,182.591,"1JA0NKzK8UVRvsatkhI7Qu","https://api.spotify.com/v1/audio-analysis/1JA0NKzK8UVRvsatkhI7Qu",4,1,279142,TRUE,"https://api.spotify.com/v1/tracks/1JA0NKzK8UVRvsatkhI7Qu",FALSE,"Come And Get Me (feat. Wyann Vaughn)","https://p.scdn.co/mp3-preview/9e308cced67550555e006bd273544149f80c0e0b?cid=c22575ce003a46ba95e4590c10b3acb1",5,"track","spotify:track:1JA0NKzK8UVRvsatkhI7Qu","https://open.spotify.com/track/1JA0NKzK8UVRvsatkhI7Qu","3ChordFold Pulse","F#","major","F# major","jazz"
"Terrace Martin","7MNEVabc4cs19CbzAFZmXz","2RtYSN590nisDeVMevJsrr","album","2014-05-20",2014,"day",0.392,0.666,7,-10.004,1,0.0662,0.0122,3.76e-06,0.917,0.248,136.104,"2JSw5Nwl3n33HTIPEXYdt7","https://api.spotify.com/v1/audio-analysis/2JSw5Nwl3n33HTIPEXYdt7",4,1,205920,TRUE,"https://api.spotify.com/v1/tracks/2JSw5Nwl3n33HTIPEXYdt7",FALSE,"Poetic Justice (Live In New York) (feat. Kendrick Lamar)","https://p.scdn.co/mp3-preview/12aea6e4a5d42029895d8ff23f6b41e2d89a93d8?cid=c22575ce003a46ba95e4590c10b3acb1",6,"track","spotify:track:2JSw5Nwl3n33HTIPEXYdt7","https://open.spotify.com/track/2JSw5Nwl3n33HTIPEXYdt7","3ChordFold Pulse","G","major","G major","jazz"
"Terrace Martin","7MNEVabc4cs19CbzAFZmXz","2RtYSN590nisDeVMevJsrr","album","2014-05-20",2014,"day",0.54,0.388,2,-12.095,0,0.0327,0.00239,0,0.126,0.174,130.648,"1bFrFtURtxKxHBLPrDK0Zz","https://api.spotify.com/v1/audio-analysis/1bFrFtURtxKxHBLPrDK0Zz",4,1,363084,TRUE,"https://api.spotify.com/v1/tracks/1bFrFtURtxKxHBLPrDK0Zz",FALSE,"All The Things (feat. Don Dolla, Uncle Chucc)","https://p.scdn.co/mp3-preview/861b60e7d9e87a720bf891325c2c936d100e9ffe?cid=c22575ce003a46ba95e4590c10b3acb1",7,"track","spotify:track:1bFrFtURtxKxHBLPrDK0Zz","https://open.spotify.com/track/1bFrFtURtxKxHBLPrDK0Zz","3ChordFold Pulse","D","minor","D minor","jazz"
"Terrace Martin","7MNEVabc4cs19CbzAFZmXz","2RtYSN590nisDeVMevJsrr","album","2014-05-20",2014,"day",0.662,0.508,0,-11.244,0,0.0833,0.00295,0.342,0.231,0.195,85.943,"3lpMD3JebxubkH25DmT6c8","https://api.spotify.com/v1/audio-analysis/3lpMD3JebxubkH25DmT6c8",4,1,224621,TRUE,"https://api.spotify.com/v1/tracks/3lpMD3JebxubkH25DmT6c8",FALSE,"Angel (feat. 9th Wonder)","https://p.scdn.co/mp3-preview/d04a046ccc18342ec427378c7926c7d0b34dddb6?cid=c22575ce003a46ba95e4590c10b3acb1",8,"track","spotify:track:3lpMD3JebxubkH25DmT6c8","https://open.spotify.com/track/3lpMD3JebxubkH25DmT6c8","3ChordFold Pulse","C","minor","C minor","jazz"
"Terrace Martin","7MNEVabc4cs19CbzAFZmXz","2RtYSN590nisDeVMevJsrr","album","2014-05-20",2014,"day",0.446,0.572,5,-10.296,0,0.0961,0.103,0.000274,0.373,0.137,86.817,"2a3BQS54hHs9GNhnqo7Ofu","https://api.spotify.com/v1/audio-analysis/2a3BQS54hHs9GNhnqo7Ofu",4,1,341159,TRUE,"https://api.spotify.com/v1/tracks/2a3BQS54hHs9GNhnqo7Ofu",FALSE,"Never Have To Worry (Live In New York) (feat. Snoop Dogg)","https://p.scdn.co/mp3-preview/1164ec2dc493ab25b26e81d8713ab093eb87b89b?cid=c22575ce003a46ba95e4590c10b3acb1",9,"track","spotify:track:2a3BQS54hHs9GNhnqo7Ofu","https://open.spotify.com/track/2a3BQS54hHs9GNhnqo7Ofu","3ChordFold Pulse","F","minor","F minor","jazz"
"Terrace Martin","7MNEVabc4cs19CbzAFZmXz","2RtYSN590nisDeVMevJsrr","album","2014-05-20",2014,"day",0.729,0.579,1,-10.616,1,0.0897,0.0404,0.0252,0.32,0.531,105.06,"5WZaZ5LtEygEnS4twZKVL7","https://api.spotify.com/v1/audio-analysis/5WZaZ5LtEygEnS4twZKVL7",4,1,255408,TRUE,"https://api.spotify.com/v1/tracks/5WZaZ5LtEygEnS4twZKVL7",FALSE,"The Last Song (feat. Teedra Moses, Preston Harris)","https://p.scdn.co/mp3-preview/e14cb1f8c126b19a08a8a0d917c22faa75141bd6?cid=c22575ce003a46ba95e4590c10b3acb1",10,"track","spotify:track:5WZaZ5LtEygEnS4twZKVL7","https://open.spotify.com/track/5WZaZ5LtEygEnS4twZKVL7","3ChordFold Pulse","C#","major","C# major","jazz"
"Terrace Martin","7MNEVabc4cs19CbzAFZmXz","2RtYSN590nisDeVMevJsrr","album","2014-05-20",2014,"day",0.509,0.535,1,-9.655,1,0.105,0.0731,0,0.473,0.188,81.204,"1l8wrw26SiMPMjWzXDotBL","https://api.spotify.com/v1/audio-analysis/1l8wrw26SiMPMjWzXDotBL",4,1,266175,TRUE,"https://api.spotify.com/v1/tracks/1l8wrw26SiMPMjWzXDotBL",FALSE,"Alrite (feat. J. Black, Ronald Bruner, Marlon Williams, Craig Brockman, Ethan Farmer)","https://p.scdn.co/mp3-preview/29a26bf592421b5adaa3b38414a99cede4b9985a?cid=c22575ce003a46ba95e4590c10b3acb1",11,"track","spotify:track:1l8wrw26SiMPMjWzXDotBL","https://open.spotify.com/track/1l8wrw26SiMPMjWzXDotBL","3ChordFold Pulse","C#","major","C# major","jazz"
"Terrace Martin","7MNEVabc4cs19CbzAFZmXz","2RtYSN590nisDeVMevJsrr","album","2014-05-20",2014,"day",0.557,0.486,1,-15.802,0,0.0315,0.0156,0.0401,0.155,0.0875,100.941,"6fSwpv7m9CKiwvqVDLk1Vz","https://api.spotify.com/v1/audio-analysis/6fSwpv7m9CKiwvqVDLk1Vz",4,1,250473,TRUE,"https://api.spotify.com/v1/tracks/6fSwpv7m9CKiwvqVDLk1Vz",FALSE,"Beautiful (feat. Wyann Vaughn, James Fauntleroy, Thundercat)","https://p.scdn.co/mp3-preview/1b315a3e87acd66019e492fc47ca2ae7fedd70a8?cid=c22575ce003a46ba95e4590c10b3acb1",12,"track","spotify:track:6fSwpv7m9CKiwvqVDLk1Vz","https://open.spotify.com/track/6fSwpv7m9CKiwvqVDLk1Vz","3ChordFold Pulse","C#","minor","C# minor","jazz"
"Terrace Martin","7MNEVabc4cs19CbzAFZmXz","2RtYSN590nisDeVMevJsrr","album","2014-05-20",2014,"day",0.463,0.523,10,-17.509,0,0.0795,0.141,0.616,0.306,0.651,121.693,"4o2AhyWdBKLzNTJVYzZvoo","https://api.spotify.com/v1/audio-analysis/4o2AhyWdBKLzNTJVYzZvoo",4,1,2181586,TRUE,"https://api.spotify.com/v1/tracks/4o2AhyWdBKLzNTJVYzZvoo",FALSE,"Butterfly (Live) (feat. Robert Glasper, Tone Trezure)","https://p.scdn.co/mp3-preview/e05845bf6b4f0bcf11292b892176786c75f637ab?cid=c22575ce003a46ba95e4590c10b3acb1",13,"track","spotify:track:4o2AhyWdBKLzNTJVYzZvoo","https://open.spotify.com/track/4o2AhyWdBKLzNTJVYzZvoo","3ChordFold Pulse","A#","minor","A# minor","jazz"
"Terrace Martin","7MNEVabc4cs19CbzAFZmXz","74pvwPKJqzexL22354dI5w","album","2013-12-17",2013,"day",0.678,0.514,7,-10.034,0,0.186,0.0597,1.18e-05,0.249,0.401,151.889,"68wPTw39pr5MMzTQVXYPdn","https://api.spotify.com/v1/audio-analysis/68wPTw39pr5MMzTQVXYPdn",4,1,212091,FALSE,"https://api.spotify.com/v1/tracks/68wPTw39pr5MMzTQVXYPdn",FALSE,"It's Me (feat. Wyann Vaughn)","https://p.scdn.co/mp3-preview/9194926124088b52e445f11b1e34f576d36da2d6?cid=c22575ce003a46ba95e4590c10b3acb1",1,"track","spotify:track:68wPTw39pr5MMzTQVXYPdn","https://open.spotify.com/track/68wPTw39pr5MMzTQVXYPdn","3ChordFold - Remixed","G","minor","G minor","jazz"
"Terrace Martin","7MNEVabc4cs19CbzAFZmXz","74pvwPKJqzexL22354dI5w","album","2013-12-17",2013,"day",0.387,0.558,1,-8.263,1,0.0848,0.057,0,0.137,0.314,177.29,"3uJOBSGKWBsnoOKCuNGzGK","https://api.spotify.com/v1/audio-analysis/3uJOBSGKWBsnoOKCuNGzGK",4,1,274552,FALSE,"https://api.spotify.com/v1/tracks/3uJOBSGKWBsnoOKCuNGzGK",FALSE,"Something Else (Remix) (feat. Problem, Ill Camille, Murs)","https://p.scdn.co/mp3-preview/d51923d4072db2015cc0b9086a7d9f0d3dc29070?cid=c22575ce003a46ba95e4590c10b3acb1",2,"track","spotify:track:3uJOBSGKWBsnoOKCuNGzGK","https://open.spotify.com/track/3uJOBSGKWBsnoOKCuNGzGK","3ChordFold - Remixed","C#","major","C# major","jazz"
"Terrace Martin","7MNEVabc4cs19CbzAFZmXz","74pvwPKJqzexL22354dI5w","album","2013-12-17",2013,"day",0.421,0.339,6,-13.659,1,0.248,0.695,4.1e-06,0.0971,0.557,182.196,"5IIUCZh3bX5enXMz5XJ2wL","https://api.spotify.com/v1/audio-analysis/5IIUCZh3bX5enXMz5XJ2wL",4,1,284835,FALSE,"https://api.spotify.com/v1/tracks/5IIUCZh3bX5enXMz5XJ2wL",FALSE,"Come And Get Me (feat. Wyann Vaughn)","https://p.scdn.co/mp3-preview/a3e78422e607c284ad436c00760818caa0a49f8e?cid=c22575ce003a46ba95e4590c10b3acb1",3,"track","spotify:track:5IIUCZh3bX5enXMz5XJ2wL","https://open.spotify.com/track/5IIUCZh3bX5enXMz5XJ2wL","3ChordFold - Remixed","F#","major","F# major","jazz"
"Terrace Martin","7MNEVabc4cs19CbzAFZmXz","74pvwPKJqzexL22354dI5w","album","2013-12-17",2013,"day",0.622,0.271,1,-12.459,0,0.0438,0.58,0.724,0.856,0.306,95.782,"38k9ONxCOrGTzkvEPk79uX","https://api.spotify.com/v1/audio-analysis/38k9ONxCOrGTzkvEPk79uX",4,1,257950,FALSE,"https://api.spotify.com/v1/tracks/38k9ONxCOrGTzkvEPk79uX",FALSE,"From Time","https://p.scdn.co/mp3-preview/7e51d84a4f4e72663e6bc8925175f3374c5c45cd?cid=c22575ce003a46ba95e4590c10b3acb1",4,"track","spotify:track:38k9ONxCOrGTzkvEPk79uX","https://open.spotify.com/track/38k9ONxCOrGTzkvEPk79uX","3ChordFold - Remixed","C#","minor","C# minor","jazz"
"Terrace Martin","7MNEVabc4cs19CbzAFZmXz","74pvwPKJqzexL22354dI5w","album","2013-12-17",2013,"day",0.315,0.372,1,-10.964,1,0.0404,0.208,4.33e-05,0.149,0.269,57.054,"0ecLbQY3YN2kh9CIRreH1S","https://api.spotify.com/v1/audio-analysis/0ecLbQY3YN2kh9CIRreH1S",4,1,503222,FALSE,"https://api.spotify.com/v1/tracks/0ecLbQY3YN2kh9CIRreH1S",FALSE,"Ecstasy (feat. Deonis)","https://p.scdn.co/mp3-preview/cc68227d3cb6fbf0a398ff8e83200c677b387590?cid=c22575ce003a46ba95e4590c10b3acb1",5,"track","spotify:track:0ecLbQY3YN2kh9CIRreH1S","https://open.spotify.com/track/0ecLbQY3YN2kh9CIRreH1S","3ChordFold - Remixed","C#","major","C# major","jazz"
"Terrace Martin","7MNEVabc4cs19CbzAFZmXz","74pvwPKJqzexL22354dI5w","album","2013-12-17",2013,"day",0.494,0.465,0,-10.919,0,0.157,0.0344,0.112,0.126,0.238,175.189,"14HilTjK9fulGXrVk5AAOa","https://api.spotify.com/v1/audio-analysis/14HilTjK9fulGXrVk5AAOa",4,1,428990,FALSE,"https://api.spotify.com/v1/tracks/14HilTjK9fulGXrVk5AAOa",FALSE,"No Wrong, No Right (Remix) (feat. Robert Glasper, James Fauntleroy)","https://p.scdn.co/mp3-preview/bff97c8e6176e13314405328ed84e5cce81b2ae4?cid=c22575ce003a46ba95e4590c10b3acb1",6,"track","spotify:track:14HilTjK9fulGXrVk5AAOa","https://open.spotify.com/track/14HilTjK9fulGXrVk5AAOa","3ChordFold - Remixed","C","minor","C minor","jazz"
"Terrace Martin","7MNEVabc4cs19CbzAFZmXz","74pvwPKJqzexL22354dI5w","album","2013-12-17",2013,"day",0.405,0.372,0,-13.238,0,0.112,0.366,2.15e-05,0.123,0.315,118.862,"590jFHvq5ESMhTzqUkNDFR","https://api.spotify.com/v1/audio-analysis/590jFHvq5ESMhTzqUkNDFR",5,1,266379,FALSE,"https://api.spotify.com/v1/tracks/590jFHvq5ESMhTzqUkNDFR",FALSE,"Hey You! (feat. Preston)","https://p.scdn.co/mp3-preview/e241a2613dae17c0714548e30cec807232760052?cid=c22575ce003a46ba95e4590c10b3acb1",7,"track","spotify:track:590jFHvq5ESMhTzqUkNDFR","https://open.spotify.com/track/590jFHvq5ESMhTzqUkNDFR","3ChordFold - Remixed","C","minor","C minor","jazz"
"Terrace Martin","7MNEVabc4cs19CbzAFZmXz","74pvwPKJqzexL22354dI5w","album","2013-12-17",2013,"day",0.539,0.537,10,-11.608,0,0.0493,0.348,0.902,0.199,0.434,150.05,"31mHR2eCnJ4YvZYdWw2AMX","https://api.spotify.com/v1/audio-analysis/31mHR2eCnJ4YvZYdWw2AMX",4,1,185004,FALSE,"https://api.spotify.com/v1/tracks/31mHR2eCnJ4YvZYdWw2AMX",FALSE,"Watch You Sleep (Remix) (feat. Focus)","https://p.scdn.co/mp3-preview/5a135f946008bea09e12edbb3438b7d2b795ac12?cid=c22575ce003a46ba95e4590c10b3acb1",8,"track","spotify:track:31mHR2eCnJ4YvZYdWw2AMX","https://open.spotify.com/track/31mHR2eCnJ4YvZYdWw2AMX","3ChordFold - Remixed","A#","minor","A# minor","jazz"
"Terrace Martin","7MNEVabc4cs19CbzAFZmXz","3jVyQ0ynHkn1fq1BaSHsw8","album","2013-08-13",2013,"day",0.36,0.393,5,-11.778,0,0.0751,0.27,1.06e-05,0.139,0.231,79.633,"59kp0ZIIrRNfILBzU8MnFD","https://api.spotify.com/v1/audio-analysis/59kp0ZIIrRNfILBzU8MnFD",4,1,232942,FALSE,"https://api.spotify.com/v1/tracks/59kp0ZIIrRNfILBzU8MnFD",FALSE,"Ab Soul's Intro (feat. Ab-Soul)","https://p.scdn.co/mp3-preview/f57b7d88c541803529aab19b0c8dc46ce35dd5f9?cid=c22575ce003a46ba95e4590c10b3acb1",1,"track","spotify:track:59kp0ZIIrRNfILBzU8MnFD","https://open.spotify.com/track/59kp0ZIIrRNfILBzU8MnFD","3ChordFold","F","minor","F minor","jazz"
"Terrace Martin","7MNEVabc4cs19CbzAFZmXz","3jVyQ0ynHkn1fq1BaSHsw8","album","2013-08-13",2013,"day",0.357,0.47,7,-12.173,0,0.383,0.0516,0,0.118,0.253,171.347,"1TycxSppuyhz7NVbiOs870","https://api.spotify.com/v1/audio-analysis/1TycxSppuyhz7NVbiOs870",4,1,340497,FALSE,"https://api.spotify.com/v1/tracks/1TycxSppuyhz7NVbiOs870",FALSE,"Triangle Ship (feat. Kendrick Lamar)","https://p.scdn.co/mp3-preview/89093d8d191450787ad3a2e6a1a57ebbc11aad37?cid=c22575ce003a46ba95e4590c10b3acb1",2,"track","spotify:track:1TycxSppuyhz7NVbiOs870","https://open.spotify.com/track/1TycxSppuyhz7NVbiOs870","3ChordFold","G","minor","G minor","jazz"
"Terrace Martin","7MNEVabc4cs19CbzAFZmXz","3jVyQ0ynHkn1fq1BaSHsw8","album","2013-08-13",2013,"day",0.67,0.395,5,-13.159,0,0.202,0.399,0,0.152,0.453,97.022,"5mDM8ebttXPLMkFxzrX8EA","https://api.spotify.com/v1/audio-analysis/5mDM8ebttXPLMkFxzrX8EA",4,1,224862,FALSE,"https://api.spotify.com/v1/tracks/5mDM8ebttXPLMkFxzrX8EA",FALSE,"Get Away","https://p.scdn.co/mp3-preview/3e1f07cb9943233a0e6ea87fa5836a9552481f6d?cid=c22575ce003a46ba95e4590c10b3acb1",3,"track","spotify:track:5mDM8ebttXPLMkFxzrX8EA","https://open.spotify.com/track/5mDM8ebttXPLMkFxzrX8EA","3ChordFold","F","minor","F minor","jazz"
"Terrace Martin","7MNEVabc4cs19CbzAFZmXz","3jVyQ0ynHkn1fq1BaSHsw8","album","2013-08-13",2013,"day",0.397,0.494,1,-11.846,1,0.104,0.0189,1.27e-05,0.0819,0.274,177.33,"5dxzkM5RqoWQHkqrKo0Oqp","https://api.spotify.com/v1/audio-analysis/5dxzkM5RqoWQHkqrKo0Oqp",4,1,269130,FALSE,"https://api.spotify.com/v1/tracks/5dxzkM5RqoWQHkqrKo0Oqp",FALSE,"Something Else (feat. Problem)","https://p.scdn.co/mp3-preview/0c4d2acedd0fc23bb32ee8634ce5f0e58e519c06?cid=c22575ce003a46ba95e4590c10b3acb1",4,"track","spotify:track:5dxzkM5RqoWQHkqrKo0Oqp","https://open.spotify.com/track/5dxzkM5RqoWQHkqrKo0Oqp","3ChordFold","C#","major","C# major","jazz"
"Terrace Martin","7MNEVabc4cs19CbzAFZmXz","3jVyQ0ynHkn1fq1BaSHsw8","album","2013-08-13",2013,"day",0.661,0.66,9,-8.849,0,0.284,0.201,0,0.124,0.507,93.728,"0f9HbdTHD3Mso2FR3XqLiA","https://api.spotify.com/v1/audio-analysis/0f9HbdTHD3Mso2FR3XqLiA",4,1,216157,FALSE,"https://api.spotify.com/v1/tracks/0f9HbdTHD3Mso2FR3XqLiA",FALSE,"Over Time (feat. Musiq Soulchild)","https://p.scdn.co/mp3-preview/c4eca85cae44d6a892503f58df509dcca85f7745?cid=c22575ce003a46ba95e4590c10b3acb1",5,"track","spotify:track:0f9HbdTHD3Mso2FR3XqLiA","https://open.spotify.com/track/0f9HbdTHD3Mso2FR3XqLiA","3ChordFold","A","minor","A minor","jazz"
"Terrace Martin","7MNEVabc4cs19CbzAFZmXz","3jVyQ0ynHkn1fq1BaSHsw8","album","2013-08-13",2013,"day",0.572,0.641,10,-9.565,1,0.258,0.00272,0.0181,0.203,0.343,175.097,"769O71M6bzhU3ZXm1xF6VW","https://api.spotify.com/v1/audio-analysis/769O71M6bzhU3ZXm1xF6VW",4,1,306805,FALSE,"https://api.spotify.com/v1/tracks/769O71M6bzhU3ZXm1xF6VW",FALSE,"No Wrong No Right (feat. Robert Glasper, James Fauntleroy)","https://p.scdn.co/mp3-preview/642e7d69fe235701eed23c21bccefe42f1992ba9?cid=c22575ce003a46ba95e4590c10b3acb1",6,"track","spotify:track:769O71M6bzhU3ZXm1xF6VW","https://open.spotify.com/track/769O71M6bzhU3ZXm1xF6VW","3ChordFold","A#","major","A# major","jazz"
"Terrace Martin","7MNEVabc4cs19CbzAFZmXz","3jVyQ0ynHkn1fq1BaSHsw8","album","2013-08-13",2013,"day",0.422,0.366,1,-10.651,1,0.0549,0.632,2.32e-05,0.192,0.577,149.873,"0yMuZ8FeFPHj84oo7xxsLQ","https://api.spotify.com/v1/audio-analysis/0yMuZ8FeFPHj84oo7xxsLQ",4,1,343706,FALSE,"https://api.spotify.com/v1/tracks/0yMuZ8FeFPHj84oo7xxsLQ",FALSE,"Watch U Sleep (feat. Focus)","https://p.scdn.co/mp3-preview/9ea046688525f37316133070a9675c9e27941be1?cid=c22575ce003a46ba95e4590c10b3acb1",7,"track","spotify:track:0yMuZ8FeFPHj84oo7xxsLQ","https://open.spotify.com/track/0yMuZ8FeFPHj84oo7xxsLQ","3ChordFold","C#","major","C# major","jazz"
"Terrace Martin","7MNEVabc4cs19CbzAFZmXz","3jVyQ0ynHkn1fq1BaSHsw8","album","2013-08-13",2013,"day",0.532,0.643,1,-9.691,1,0.094,0.0903,1.42e-06,0.313,0.525,93.85,"5ZvmMfzhUqxcl6Q7tGpDBI","https://api.spotify.com/v1/audio-analysis/5ZvmMfzhUqxcl6Q7tGpDBI",4,1,281611,FALSE,"https://api.spotify.com/v1/tracks/5ZvmMfzhUqxcl6Q7tGpDBI",FALSE,"Move On","https://p.scdn.co/mp3-preview/36deafb30ca5c4858f751178760a563482a40e27?cid=c22575ce003a46ba95e4590c10b3acb1",8,"track","spotify:track:5ZvmMfzhUqxcl6Q7tGpDBI","https://open.spotify.com/track/5ZvmMfzhUqxcl6Q7tGpDBI","3ChordFold","C#","major","C# major","jazz"
"Terrace Martin","7MNEVabc4cs19CbzAFZmXz","3jVyQ0ynHkn1fq1BaSHsw8","album","2013-08-13",2013,"day",0.327,0.418,7,-11.92,0,0.159,0.062,0.00667,0.12,0.114,191.756,"1k7p9GhPLCZItqdL57wLNL","https://api.spotify.com/v1/audio-analysis/1k7p9GhPLCZItqdL57wLNL",4,1,220100,TRUE,"https://api.spotify.com/v1/tracks/1k7p9GhPLCZItqdL57wLNL",FALSE,"Motivation (feat. Wiz Khalifa, Brevi)","https://p.scdn.co/mp3-preview/0fca0c96e44363c93e75ae1dbfccc31abc7ae913?cid=c22575ce003a46ba95e4590c10b3acb1",9,"track","spotify:track:1k7p9GhPLCZItqdL57wLNL","https://open.spotify.com/track/1k7p9GhPLCZItqdL57wLNL","3ChordFold","G","minor","G minor","jazz"
"Terrace Martin","7MNEVabc4cs19CbzAFZmXz","3jVyQ0ynHkn1fq1BaSHsw8","album","2013-08-13",2013,"day",0.588,0.659,1,-11.284,1,0.348,0.444,2.63e-05,0.116,0.713,169.475,"2mf13Q0cusU2yAcRd2SJNS","https://api.spotify.com/v1/audio-analysis/2mf13Q0cusU2yAcRd2SJNS",4,1,314521,FALSE,"https://api.spotify.com/v1/tracks/2mf13Q0cusU2yAcRd2SJNS",FALSE,"Happy Home (Freeloader, Renter, Buyer)","https://p.scdn.co/mp3-preview/70bc77c277a15f0ac70caa5352ccb32c2387b9f5?cid=c22575ce003a46ba95e4590c10b3acb1",10,"track","spotify:track:2mf13Q0cusU2yAcRd2SJNS","https://open.spotify.com/track/2mf13Q0cusU2yAcRd2SJNS","3ChordFold","C#","major","C# major","jazz"
"Terrace Martin","7MNEVabc4cs19CbzAFZmXz","3jVyQ0ynHkn1fq1BaSHsw8","album","2013-08-13",2013,"day",0.66,0.578,0,-9.116,0,0.072,0.00396,0.193,0.234,0.176,85.947,"0TqY88RzcKKdeV7vMKuwPX","https://api.spotify.com/v1/audio-analysis/0TqY88RzcKKdeV7vMKuwPX",4,1,225625,FALSE,"https://api.spotify.com/v1/tracks/0TqY88RzcKKdeV7vMKuwPX",FALSE,"Angel","https://p.scdn.co/mp3-preview/046738a68c1a649bc7952eb7950b987e3999edc9?cid=c22575ce003a46ba95e4590c10b3acb1",11,"track","spotify:track:0TqY88RzcKKdeV7vMKuwPX","https://open.spotify.com/track/0TqY88RzcKKdeV7vMKuwPX","3ChordFold","C","minor","C minor","jazz"
"Terrace Martin","7MNEVabc4cs19CbzAFZmXz","3jVyQ0ynHkn1fq1BaSHsw8","album","2013-08-13",2013,"day",0.62,0.393,11,-11.246,1,0.0687,0.0858,4.98e-06,0.352,0.153,94.959,"0nwGHz2jSmhHUeO4klMt1d","https://api.spotify.com/v1/audio-analysis/0nwGHz2jSmhHUeO4klMt1d",4,1,327122,FALSE,"https://api.spotify.com/v1/tracks/0nwGHz2jSmhHUeO4klMt1d",FALSE,"You're the One (feat. Ty Dolla Sign)","https://p.scdn.co/mp3-preview/e67e64c9a1d43d4ef54e150b92b995a722029077?cid=c22575ce003a46ba95e4590c10b3acb1",12,"track","spotify:track:0nwGHz2jSmhHUeO4klMt1d","https://open.spotify.com/track/0nwGHz2jSmhHUeO4klMt1d","3ChordFold","B","major","B major","jazz"
"Terrace Martin","7MNEVabc4cs19CbzAFZmXz","3jVyQ0ynHkn1fq1BaSHsw8","album","2013-08-13",2013,"day",0.786,0.407,1,-10.61,0,0.0885,0.00914,0,0.0852,0.266,96.115,"0RWPCaCHqeYLB5fYV601rv","https://api.spotify.com/v1/audio-analysis/0RWPCaCHqeYLB5fYV601rv",4,1,211022,FALSE,"https://api.spotify.com/v1/tracks/0RWPCaCHqeYLB5fYV601rv",FALSE,"I'm For Real (feat. Snoop Dogg, Lalah Hathaway)","https://p.scdn.co/mp3-preview/14ba8ad4142dc3ba586d7efae586279522627714?cid=c22575ce003a46ba95e4590c10b3acb1",13,"track","spotify:track:0RWPCaCHqeYLB5fYV601rv","https://open.spotify.com/track/0RWPCaCHqeYLB5fYV601rv","3ChordFold","C#","minor","C# minor","jazz"
"Terrace Martin","7MNEVabc4cs19CbzAFZmXz","3jVyQ0ynHkn1fq1BaSHsw8","album","2013-08-13",2013,"day",0.371,0.445,8,-11.812,1,0.0937,0.274,0.000212,0.0849,0.128,92.921,"6UeJrsZmcdDbFjNeInHNaN","https://api.spotify.com/v1/audio-analysis/6UeJrsZmcdDbFjNeInHNaN",4,1,725948,FALSE,"https://api.spotify.com/v1/tracks/6UeJrsZmcdDbFjNeInHNaN",FALSE,"Gone (feat. Robert Glasper)","https://p.scdn.co/mp3-preview/b389e3f488ea1aeef625037a03278a93324f6adb?cid=c22575ce003a46ba95e4590c10b3acb1",14,"track","spotify:track:6UeJrsZmcdDbFjNeInHNaN","https://open.spotify.com/track/6UeJrsZmcdDbFjNeInHNaN","3ChordFold","G#","major","G# major","jazz"
"Terrace Martin","7MNEVabc4cs19CbzAFZmXz","0tSLyXfOffwbgJLFKIdKHl","album","2012-02-07",2012,"day",0.325,0.305,11,-15.91,0,0.0335,0.714,0.000342,0.221,0.129,105.875,"2CbZ0KGQmXMGFL1Ti49OnO","https://api.spotify.com/v1/audio-analysis/2CbZ0KGQmXMGFL1Ti49OnO",4,1,93106,TRUE,"https://api.spotify.com/v1/tracks/2CbZ0KGQmXMGFL1Ti49OnO",FALSE,"Steps 2 Makin Luv","https://p.scdn.co/mp3-preview/3b819b8b08ae57fe333fe6f18bc55f5d1b411c4a?cid=c22575ce003a46ba95e4590c10b3acb1",1,"track","spotify:track:2CbZ0KGQmXMGFL1Ti49OnO","https://open.spotify.com/track/2CbZ0KGQmXMGFL1Ti49OnO","4 Luv Suite","B","minor","B minor","jazz"
"Terrace Martin","7MNEVabc4cs19CbzAFZmXz","0tSLyXfOffwbgJLFKIdKHl","album","2012-02-07",2012,"day",0.338,0.384,1,-11.639,1,0.0455,0.0709,0.00501,0.135,0.331,81.315,"5nD5pJ5Qa9mWoXo0nkBz4i","https://api.spotify.com/v1/audio-analysis/5nD5pJ5Qa9mWoXo0nkBz4i",4,1,257720,TRUE,"https://api.spotify.com/v1/tracks/5nD5pJ5Qa9mWoXo0nkBz4i",FALSE,"Roll The Dice","https://p.scdn.co/mp3-preview/6312bac946929d4b15872a38092e99b72b61235f?cid=c22575ce003a46ba95e4590c10b3acb1",2,"track","spotify:track:5nD5pJ5Qa9mWoXo0nkBz4i","https://open.spotify.com/track/5nD5pJ5Qa9mWoXo0nkBz4i","4 Luv Suite","C#","major","C# major","jazz"
"Terrace Martin","7MNEVabc4cs19CbzAFZmXz","0tSLyXfOffwbgJLFKIdKHl","album","2012-02-07",2012,"day",0.512,0.695,1,-7.777,1,0.0374,0.0277,0.0484,0.104,0.481,78.003,"5MGJ0aUgOpVmvh8sWxnkHZ","https://api.spotify.com/v1/audio-analysis/5MGJ0aUgOpVmvh8sWxnkHZ",4,1,205880,TRUE,"https://api.spotify.com/v1/tracks/5MGJ0aUgOpVmvh8sWxnkHZ",FALSE,"I Appreciate You","https://p.scdn.co/mp3-preview/1d19101bca974447b5504f39e82f529f27365ef6?cid=c22575ce003a46ba95e4590c10b3acb1",3,"track","spotify:track:5MGJ0aUgOpVmvh8sWxnkHZ","https://open.spotify.com/track/5MGJ0aUgOpVmvh8sWxnkHZ","4 Luv Suite","C#","major","C# major","jazz"
"Terrace Martin","7MNEVabc4cs19CbzAFZmXz","0tSLyXfOffwbgJLFKIdKHl","album","2012-02-07",2012,"day",0.291,0.0647,8,-15.589,1,0.0342,0.982,0.504,0.139,0.0351,92.145,"4Li5kzJAsSC3sbKEmgbKuy","https://api.spotify.com/v1/audio-analysis/4Li5kzJAsSC3sbKEmgbKuy",4,1,267520,TRUE,"https://api.spotify.com/v1/tracks/4Li5kzJAsSC3sbKEmgbKuy",FALSE,"My Funny Valentine","https://p.scdn.co/mp3-preview/32d7fbb3dce93f4f2e0d16436575994a5ac6fab7?cid=c22575ce003a46ba95e4590c10b3acb1",4,"track","spotify:track:4Li5kzJAsSC3sbKEmgbKuy","https://open.spotify.com/track/4Li5kzJAsSC3sbKEmgbKuy","4 Luv Suite","G#","major","G# major","jazz"
"Terrace Martin","7MNEVabc4cs19CbzAFZmXz","0tSLyXfOffwbgJLFKIdKHl","album","2012-02-07",2012,"day",0.697,0.399,11,-10.232,0,0.0354,0.00549,0.321,0.0582,0.566,87.992,"75g2G3vGg2jU9Tn9HJjF28","https://api.spotify.com/v1/audio-analysis/75g2G3vGg2jU9Tn9HJjF28",4,1,193280,TRUE,"https://api.spotify.com/v1/tracks/75g2G3vGg2jU9Tn9HJjF28",FALSE,"In You","https://p.scdn.co/mp3-preview/251fbbb24e1e950b21215fc2c92b4d5074eb08b1?cid=c22575ce003a46ba95e4590c10b3acb1",5,"track","spotify:track:75g2G3vGg2jU9Tn9HJjF28","https://open.spotify.com/track/75g2G3vGg2jU9Tn9HJjF28","4 Luv Suite","B","minor","B minor","jazz"
"Terrace Martin","7MNEVabc4cs19CbzAFZmXz","0tSLyXfOffwbgJLFKIdKHl","album","2012-02-07",2012,"day",0.474,0.507,7,-9.659,0,0.0966,0.347,0,0.2,0.468,86.798,"7qDJD1j8OklqGtQopuHkhu","https://api.spotify.com/v1/audio-analysis/7qDJD1j8OklqGtQopuHkhu",4,1,250280,TRUE,"https://api.spotify.com/v1/tracks/7qDJD1j8OklqGtQopuHkhu",FALSE,"Your Eyes","https://p.scdn.co/mp3-preview/1000797e5cf9378d5c505e46b3c8785d67823d68?cid=c22575ce003a46ba95e4590c10b3acb1",6,"track","spotify:track:7qDJD1j8OklqGtQopuHkhu","https://open.spotify.com/track/7qDJD1j8OklqGtQopuHkhu","4 Luv Suite","G","minor","G minor","jazz"
"Terrace Martin","7MNEVabc4cs19CbzAFZmXz","0tSLyXfOffwbgJLFKIdKHl","album","2012-02-07",2012,"day",0.229,0.434,1,-8.03,1,0.0381,0.0898,0,0.251,0.237,76.188,"7l5MnMna4e1AWLiGLUn1xn","https://api.spotify.com/v1/audio-analysis/7l5MnMna4e1AWLiGLUn1xn",4,1,229720,TRUE,"https://api.spotify.com/v1/tracks/7l5MnMna4e1AWLiGLUn1xn",FALSE,"Let Me Taste You","https://p.scdn.co/mp3-preview/96419f829535c448689b92008d7dde4ac8837867?cid=c22575ce003a46ba95e4590c10b3acb1",7,"track","spotify:track:7l5MnMna4e1AWLiGLUn1xn","https://open.spotify.com/track/7l5MnMna4e1AWLiGLUn1xn","4 Luv Suite","C#","major","C# major","jazz"
"Terrace Martin","7MNEVabc4cs19CbzAFZmXz","0tSLyXfOffwbgJLFKIdKHl","album","2012-02-07",2012,"day",0.286,0.291,2,-14.046,0,0.0297,0.917,0.167,0.175,0.124,81.377,"1B89zXtVqCsb0ekHKVqTn6","https://api.spotify.com/v1/audio-analysis/1B89zXtVqCsb0ekHKVqTn6",4,1,329400,TRUE,"https://api.spotify.com/v1/tracks/1B89zXtVqCsb0ekHKVqTn6",FALSE,"To Touch","https://p.scdn.co/mp3-preview/d76779e23084cedc72d0c36f8911c78687d80c88?cid=c22575ce003a46ba95e4590c10b3acb1",8,"track","spotify:track:1B89zXtVqCsb0ekHKVqTn6","https://open.spotify.com/track/1B89zXtVqCsb0ekHKVqTn6","4 Luv Suite","D","minor","D minor","jazz"
"Terrace Martin","7MNEVabc4cs19CbzAFZmXz","0tSLyXfOffwbgJLFKIdKHl","album","2012-02-07",2012,"day",0.531,0.431,11,-13.834,1,0.0418,0.53,3.1e-05,0.113,0.0571,114.978,"0VjDNHQ8AHL5CtUUoTzG5H","https://api.spotify.com/v1/audio-analysis/0VjDNHQ8AHL5CtUUoTzG5H",4,1,221200,TRUE,"https://api.spotify.com/v1/tracks/0VjDNHQ8AHL5CtUUoTzG5H",FALSE,"Rise & Set","https://p.scdn.co/mp3-preview/9f48e0bc68190ac2fe83b4349e58769e84d6f55f?cid=c22575ce003a46ba95e4590c10b3acb1",9,"track","spotify:track:0VjDNHQ8AHL5CtUUoTzG5H","https://open.spotify.com/track/0VjDNHQ8AHL5CtUUoTzG5H","4 Luv Suite","B","major","B major","jazz"
"Terrace Martin","7MNEVabc4cs19CbzAFZmXz","0tSLyXfOffwbgJLFKIdKHl","album","2012-02-07",2012,"day",0.405,0.0693,2,-15.397,0,0.0357,0.978,0.564,0.11,0.0362,108.017,"4muTulGtKczGZqne3NJaoC","https://api.spotify.com/v1/audio-analysis/4muTulGtKczGZqne3NJaoC",4,1,377626,TRUE,"https://api.spotify.com/v1/tracks/4muTulGtKczGZqne3NJaoC",FALSE,"In A Sentimental Mood","https://p.scdn.co/mp3-preview/add7c4f11b428c8c5bba349f01e79aa8ecc3336a?cid=c22575ce003a46ba95e4590c10b3acb1",10,"track","spotify:track:4muTulGtKczGZqne3NJaoC","https://open.spotify.com/track/4muTulGtKczGZqne3NJaoC","4 Luv Suite","D","minor","D minor","jazz"
"Terrace Martin","7MNEVabc4cs19CbzAFZmXz","5YgYbGti0rKFKL9H9mqV1B","album","2011-12-13",2011,"day",0.571,0.372,6,-18.913,0,0.589,0.589,0,0.112,0.307,78.209,"4yEBC6AMnnmtIDzxwClKwK","https://api.spotify.com/v1/audio-analysis/4yEBC6AMnnmtIDzxwClKwK",4,1,73466,TRUE,"https://api.spotify.com/v1/tracks/4yEBC6AMnnmtIDzxwClKwK",FALSE,"Intro","https://p.scdn.co/mp3-preview/5307875c192d6f4c3d04101d3c9c1430a6b518a1?cid=c22575ce003a46ba95e4590c10b3acb1",1,"track","spotify:track:4yEBC6AMnnmtIDzxwClKwK","https://open.spotify.com/track/4yEBC6AMnnmtIDzxwClKwK","Here, My Dear","F#","minor","F# minor","jazz"
"Terrace Martin","7MNEVabc4cs19CbzAFZmXz","5YgYbGti0rKFKL9H9mqV1B","album","2011-12-13",2011,"day",0.41,0.439,1,-12.079,1,0.386,0.0543,0,0.682,0.399,76.655,"5YUlKXnXAX55cLct7NF80q","https://api.spotify.com/v1/audio-analysis/5YUlKXnXAX55cLct7NF80q",4,1,213240,TRUE,"https://api.spotify.com/v1/tracks/5YUlKXnXAX55cLct7NF80q",FALSE,"Love Prelude","https://p.scdn.co/mp3-preview/643f6f84cc9e83725d3ba5d83554c5a48ed7b2cc?cid=c22575ce003a46ba95e4590c10b3acb1",2,"track","spotify:track:5YUlKXnXAX55cLct7NF80q","https://open.spotify.com/track/5YUlKXnXAX55cLct7NF80q","Here, My Dear","C#","major","C# major","jazz"
"Terrace Martin","7MNEVabc4cs19CbzAFZmXz","5YgYbGti0rKFKL9H9mqV1B","album","2011-12-13",2011,"day",0.572,0.571,8,-7.959,0,0.269,0.304,0,0.144,0.545,120.263,"5KqELf12UhMXxBmPZtvgnp","https://api.spotify.com/v1/audio-analysis/5KqELf12UhMXxBmPZtvgnp",5,1,254320,TRUE,"https://api.spotify.com/v1/tracks/5KqELf12UhMXxBmPZtvgnp",FALSE,"Thing For You","https://p.scdn.co/mp3-preview/a89f0289ef0e810521e5e9db8d6cc317ec41e17b?cid=c22575ce003a46ba95e4590c10b3acb1",3,"track","spotify:track:5KqELf12UhMXxBmPZtvgnp","https://open.spotify.com/track/5KqELf12UhMXxBmPZtvgnp","Here, My Dear","G#","minor","G# minor","jazz"
"Terrace Martin","7MNEVabc4cs19CbzAFZmXz","5YgYbGti0rKFKL9H9mqV1B","album","2011-12-13",2011,"day",0.625,0.147,6,-23.898,0,0.0575,0.682,0.000276,0.44,0.73,87.754,"7shCIjvsCPjfXWXAhP6Xwq","https://api.spotify.com/v1/audio-analysis/7shCIjvsCPjfXWXAhP6Xwq",4,1,61160,TRUE,"https://api.spotify.com/v1/tracks/7shCIjvsCPjfXWXAhP6Xwq",FALSE,"Interlude Terrace Martin & Devi Dev","https://p.scdn.co/mp3-preview/ef5b4ede349d0876b1615a1ad7ee7bfb8fc98991?cid=c22575ce003a46ba95e4590c10b3acb1",4,"track","spotify:track:7shCIjvsCPjfXWXAhP6Xwq","https://open.spotify.com/track/7shCIjvsCPjfXWXAhP6Xwq","Here, My Dear","F#","minor","F# minor","jazz"
"Terrace Martin","7MNEVabc4cs19CbzAFZmXz","5YgYbGti0rKFKL9H9mqV1B","album","2011-12-13",2011,"day",0.636,0.724,1,-6.924,1,0.238,0.0697,0,0.188,0.592,190.355,"2CAeV2xbF3kAKbScwBQUXF","https://api.spotify.com/v1/audio-analysis/2CAeV2xbF3kAKbScwBQUXF",4,1,154800,TRUE,"https://api.spotify.com/v1/tracks/2CAeV2xbF3kAKbScwBQUXF",FALSE,"Give Me Some Of You","https://p.scdn.co/mp3-preview/6ec43872acb093874a09ade0fc3aa19b9124aeff?cid=c22575ce003a46ba95e4590c10b3acb1",5,"track","spotify:track:2CAeV2xbF3kAKbScwBQUXF","https://open.spotify.com/track/2CAeV2xbF3kAKbScwBQUXF","Here, My Dear","C#","major","C# major","jazz"
"Terrace Martin","7MNEVabc4cs19CbzAFZmXz","5YgYbGti0rKFKL9H9mqV1B","album","2011-12-13",2011,"day",0.472,0.496,1,-11.712,0,0.158,0.215,1.91e-06,0.0897,0.346,150.365,"3OMXlsNh8VKBHtueWYghSh","https://api.spotify.com/v1/audio-analysis/3OMXlsNh8VKBHtueWYghSh",4,1,223160,TRUE,"https://api.spotify.com/v1/tracks/3OMXlsNh8VKBHtueWYghSh",FALSE,"I Had No Idea","https://p.scdn.co/mp3-preview/8a21a94741fc7802d93af4b9edb8440b23bff6cd?cid=c22575ce003a46ba95e4590c10b3acb1",6,"track","spotify:track:3OMXlsNh8VKBHtueWYghSh","https://open.spotify.com/track/3OMXlsNh8VKBHtueWYghSh","Here, My Dear","C#","minor","C# minor","jazz"
"Terrace Martin","7MNEVabc4cs19CbzAFZmXz","5YgYbGti0rKFKL9H9mqV1B","album","2011-12-13",2011,"day",0.883,0.528,1,-11.095,1,0.302,0.14,0,0.0884,0.733,102.026,"31sZ3jcobQ8tk7NlcYXmsA","https://api.spotify.com/v1/audio-analysis/31sZ3jcobQ8tk7NlcYXmsA",4,1,276200,TRUE,"https://api.spotify.com/v1/tracks/31sZ3jcobQ8tk7NlcYXmsA",FALSE,"Show Her The Way","https://p.scdn.co/mp3-preview/1b80e67b13b6eccbab1b5c4283dc1bcfc9c446e4?cid=c22575ce003a46ba95e4590c10b3acb1",7,"track","spotify:track:31sZ3jcobQ8tk7NlcYXmsA","https://open.spotify.com/track/31sZ3jcobQ8tk7NlcYXmsA","Here, My Dear","C#","major","C# major","jazz"
"Terrace Martin","7MNEVabc4cs19CbzAFZmXz","5YgYbGti0rKFKL9H9mqV1B","album","2011-12-13",2011,"day",0.682,0.511,6,-10.874,1,0.372,0.372,0,0.307,0.682,93.002,"0SRaEKZH5YJdPYeCnFm3ST","https://api.spotify.com/v1/audio-analysis/0SRaEKZH5YJdPYeCnFm3ST",4,1,224160,TRUE,"https://api.spotify.com/v1/tracks/0SRaEKZH5YJdPYeCnFm3ST",FALSE,"Hey Girl","https://p.scdn.co/mp3-preview/8c7b68435b3ace491ef7ad93bd9fb73bf063142a?cid=c22575ce003a46ba95e4590c10b3acb1",8,"track","spotify:track:0SRaEKZH5YJdPYeCnFm3ST","https://open.spotify.com/track/0SRaEKZH5YJdPYeCnFm3ST","Here, My Dear","F#","major","F# major","jazz"
"Terrace Martin","7MNEVabc4cs19CbzAFZmXz","5YgYbGti0rKFKL9H9mqV1B","album","2011-12-13",2011,"day",0.483,0.0479,7,-28.648,1,0.167,0.817,0,0.393,0.203,115.075,"6xmSDha4AZ6UHo9Ae9OhWT","https://api.spotify.com/v1/audio-analysis/6xmSDha4AZ6UHo9Ae9OhWT",3,1,92520,TRUE,"https://api.spotify.com/v1/tracks/6xmSDha4AZ6UHo9Ae9OhWT",FALSE,"Interlude Terrace Martin, Devi Dev & Charlie Wilson","https://p.scdn.co/mp3-preview/3459f23ae9eda84928692707a5d500157c5ea281?cid=c22575ce003a46ba95e4590c10b3acb1",9,"track","spotify:track:6xmSDha4AZ6UHo9Ae9OhWT","https://open.spotify.com/track/6xmSDha4AZ6UHo9Ae9OhWT","Here, My Dear","G","major","G major","jazz"
"Terrace Martin","7MNEVabc4cs19CbzAFZmXz","5YgYbGti0rKFKL9H9mqV1B","album","2011-12-13",2011,"day",0.645,0.51,7,-11.127,1,0.276,0.0319,0,0.0904,0.346,94.225,"0q28qrolge6YMq6ys6dZAp","https://api.spotify.com/v1/audio-analysis/0q28qrolge6YMq6ys6dZAp",4,1,171040,TRUE,"https://api.spotify.com/v1/tracks/0q28qrolge6YMq6ys6dZAp",FALSE,"Special","https://p.scdn.co/mp3-preview/a598a18dcc620acb3e106b66d05b4f3965720045?cid=c22575ce003a46ba95e4590c10b3acb1",10,"track","spotify:track:0q28qrolge6YMq6ys6dZAp","https://open.spotify.com/track/0q28qrolge6YMq6ys6dZAp","Here, My Dear","G","major","G major","jazz"
"Terrace Martin","7MNEVabc4cs19CbzAFZmXz","5YgYbGti0rKFKL9H9mqV1B","album","2011-12-13",2011,"day",0.669,0.201,0,-21.881,0,0.844,0.739,0,0.558,0.728,128.587,"6saBeokktJBZ2yK8tYPC0q","https://api.spotify.com/v1/audio-analysis/6saBeokktJBZ2yK8tYPC0q",5,1,29160,TRUE,"https://api.spotify.com/v1/tracks/6saBeokktJBZ2yK8tYPC0q",FALSE,"Interlude Terrace Martin & Devi Dev",NA,11,"track","spotify:track:6saBeokktJBZ2yK8tYPC0q","https://open.spotify.com/track/6saBeokktJBZ2yK8tYPC0q","Here, My Dear","C","minor","C minor","jazz"
"Terrace Martin","7MNEVabc4cs19CbzAFZmXz","5YgYbGti0rKFKL9H9mqV1B","album","2011-12-13",2011,"day",0.685,0.521,11,-8.973,1,0.275,0.0587,0,0.109,0.228,79.951,"2MpvjX9DOZFgRdjFjmW6a2","https://api.spotify.com/v1/audio-analysis/2MpvjX9DOZFgRdjFjmW6a2",4,1,238800,TRUE,"https://api.spotify.com/v1/tracks/2MpvjX9DOZFgRdjFjmW6a2",FALSE,"I'm Done","https://p.scdn.co/mp3-preview/9146ae29eca6aeb2fbb10378ac60e792a9226280?cid=c22575ce003a46ba95e4590c10b3acb1",12,"track","spotify:track:2MpvjX9DOZFgRdjFjmW6a2","https://open.spotify.com/track/2MpvjX9DOZFgRdjFjmW6a2","Here, My Dear","B","major","B major","jazz"
"Terrace Martin","7MNEVabc4cs19CbzAFZmXz","5YgYbGti0rKFKL9H9mqV1B","album","2011-12-13",2011,"day",0.85,0.554,2,-8.828,1,0.0775,0.021,4.53e-06,0.1,0.449,123.94,"4AxK9fgI3igw3SjgqkulgT","https://api.spotify.com/v1/audio-analysis/4AxK9fgI3igw3SjgqkulgT",4,1,187360,TRUE,"https://api.spotify.com/v1/tracks/4AxK9fgI3igw3SjgqkulgT",FALSE,"Cheat","https://p.scdn.co/mp3-preview/643ea8baf9c5d5e4c6e921921b5bd5958418ac7c?cid=c22575ce003a46ba95e4590c10b3acb1",13,"track","spotify:track:4AxK9fgI3igw3SjgqkulgT","https://open.spotify.com/track/4AxK9fgI3igw3SjgqkulgT","Here, My Dear","D","major","D major","jazz"
"Terrace Martin","7MNEVabc4cs19CbzAFZmXz","5YgYbGti0rKFKL9H9mqV1B","album","2011-12-13",2011,"day",0.593,0.145,5,-26.021,0,0.523,0.744,0,0.282,0.551,109.567,"3KEdM565cqo1QR4vm7UYvH","https://api.spotify.com/v1/audio-analysis/3KEdM565cqo1QR4vm7UYvH",3,1,64946,TRUE,"https://api.spotify.com/v1/tracks/3KEdM565cqo1QR4vm7UYvH",FALSE,"Interlude Terrace Martin & Devi Dev","https://p.scdn.co/mp3-preview/71623752faf37e439b74cbad2abf776617557981?cid=c22575ce003a46ba95e4590c10b3acb1",14,"track","spotify:track:3KEdM565cqo1QR4vm7UYvH","https://open.spotify.com/track/3KEdM565cqo1QR4vm7UYvH","Here, My Dear","F","minor","F minor","jazz"
"Terrace Martin","7MNEVabc4cs19CbzAFZmXz","5YgYbGti0rKFKL9H9mqV1B","album","2011-12-13",2011,"day",0.603,0.35,1,-13.044,0,0.372,0.268,1.51e-06,0.233,0.237,80.222,"6R4HxCtcMt10MWvMa7I5Bh","https://api.spotify.com/v1/audio-analysis/6R4HxCtcMt10MWvMa7I5Bh",4,1,220520,TRUE,"https://api.spotify.com/v1/tracks/6R4HxCtcMt10MWvMa7I5Bh",FALSE,"Koo Koo Cyco Loco","https://p.scdn.co/mp3-preview/104e18d4c8a81d5eafc443bd7bb9d6517e002146?cid=c22575ce003a46ba95e4590c10b3acb1",15,"track","spotify:track:6R4HxCtcMt10MWvMa7I5Bh","https://open.spotify.com/track/6R4HxCtcMt10MWvMa7I5Bh","Here, My Dear","C#","minor","C# minor","jazz"
"Terrace Martin","7MNEVabc4cs19CbzAFZmXz","5YgYbGti0rKFKL9H9mqV1B","album","2011-12-13",2011,"day",0.495,0.654,6,-9.409,0,0.543,0.167,0,0.092,0.508,184.05,"1q9ctxTGR387j0zI2AaJKB","https://api.spotify.com/v1/audio-analysis/1q9ctxTGR387j0zI2AaJKB",4,1,266653,TRUE,"https://api.spotify.com/v1/tracks/1q9ctxTGR387j0zI2AaJKB",FALSE,"Makings Of You","https://p.scdn.co/mp3-preview/eebf79af9ec0c818bbbcb36f3530f9ba62bf5d50?cid=c22575ce003a46ba95e4590c10b3acb1",16,"track","spotify:track:1q9ctxTGR387j0zI2AaJKB","https://open.spotify.com/track/1q9ctxTGR387j0zI2AaJKB","Here, My Dear","F#","minor","F# minor","jazz"
"Terrace Martin","7MNEVabc4cs19CbzAFZmXz","5YgYbGti0rKFKL9H9mqV1B","album","2011-12-13",2011,"day",0.436,0.202,0,-14.366,0,0.273,0.215,0,0.0672,0.417,84.286,"09gfQdQwC3M4kcMOJTrOWP","https://api.spotify.com/v1/audio-analysis/09gfQdQwC3M4kcMOJTrOWP",4,1,229466,TRUE,"https://api.spotify.com/v1/tracks/09gfQdQwC3M4kcMOJTrOWP",FALSE,"Call Me","https://p.scdn.co/mp3-preview/529683e552d48e6fbe23d808243ed8587e5a33ae?cid=c22575ce003a46ba95e4590c10b3acb1",17,"track","spotify:track:09gfQdQwC3M4kcMOJTrOWP","https://open.spotify.com/track/09gfQdQwC3M4kcMOJTrOWP","Here, My Dear","C","minor","C minor","jazz"
"Terrace Martin","7MNEVabc4cs19CbzAFZmXz","5YgYbGti0rKFKL9H9mqV1B","album","2011-12-13",2011,"day",0.535,0.2,1,-23.917,1,0.732,0.857,0,0.701,0.614,81.78,"3Qwh4OLtDFVi342YNjFKdi","https://api.spotify.com/v1/audio-analysis/3Qwh4OLtDFVi342YNjFKdi",3,1,65880,TRUE,"https://api.spotify.com/v1/tracks/3Qwh4OLtDFVi342YNjFKdi",FALSE,"Interlude Terrace Martin & Devi Dev","https://p.scdn.co/mp3-preview/016310d69be77a2fc989c3c4cc4ec7fb8d3cadff?cid=c22575ce003a46ba95e4590c10b3acb1",18,"track","spotify:track:3Qwh4OLtDFVi342YNjFKdi","https://open.spotify.com/track/3Qwh4OLtDFVi342YNjFKdi","Here, My Dear","C#","major","C# major","jazz"
"Terrace Martin","7MNEVabc4cs19CbzAFZmXz","5YgYbGti0rKFKL9H9mqV1B","album","2011-12-13",2011,"day",0.597,0.478,1,-9.75,1,0.04,0.0138,0.000148,0.155,0.387,82.107,"5X3012Ox7FlfpxsiTHuy0o","https://api.spotify.com/v1/audio-analysis/5X3012Ox7FlfpxsiTHuy0o",4,1,349760,TRUE,"https://api.spotify.com/v1/tracks/5X3012Ox7FlfpxsiTHuy0o",FALSE,"What You Won't Do For Love","https://p.scdn.co/mp3-preview/8cc13ba711952ebff236b2308efe8eb1132181ed?cid=c22575ce003a46ba95e4590c10b3acb1",19,"track","spotify:track:5X3012Ox7FlfpxsiTHuy0o","https://open.spotify.com/track/5X3012Ox7FlfpxsiTHuy0o","Here, My Dear","C#","major","C# major","jazz"
"Terrace Martin","7MNEVabc4cs19CbzAFZmXz","5YgYbGti0rKFKL9H9mqV1B","album","2011-12-13",2011,"day",0.529,0.468,1,-12.266,1,0.268,0.228,0.000762,0.147,0.0877,116.323,"5VciFwVptkJ6ynbUj6fBLj","https://api.spotify.com/v1/audio-analysis/5VciFwVptkJ6ynbUj6fBLj",5,1,298800,TRUE,"https://api.spotify.com/v1/tracks/5VciFwVptkJ6ynbUj6fBLj",FALSE,"Roll Up","https://p.scdn.co/mp3-preview/acf430b03938fd0461f3ad11682dd80851d2dd95?cid=c22575ce003a46ba95e4590c10b3acb1",20,"track","spotify:track:5VciFwVptkJ6ynbUj6fBLj","https://open.spotify.com/track/5VciFwVptkJ6ynbUj6fBLj","Here, My Dear","C#","major","C# major","jazz"
"Terrace Martin","7MNEVabc4cs19CbzAFZmXz","5YgYbGti0rKFKL9H9mqV1B","album","2011-12-13",2011,"day",0.754,0.831,11,-7.858,0,0.443,0.111,1.38e-05,0.107,0.178,90.508,"3vtmgqIfO0fDk1viWnmOnw","https://api.spotify.com/v1/audio-analysis/3vtmgqIfO0fDk1viWnmOnw",4,1,333760,TRUE,"https://api.spotify.com/v1/tracks/3vtmgqIfO0fDk1viWnmOnw",FALSE,"Expectations","https://p.scdn.co/mp3-preview/92495820e781a52343c956622012e6a4823e7ca4?cid=c22575ce003a46ba95e4590c10b3acb1",21,"track","spotify:track:3vtmgqIfO0fDk1viWnmOnw","https://open.spotify.com/track/3vtmgqIfO0fDk1viWnmOnw","Here, My Dear","B","minor","B minor","jazz"
"Terrace Martin","7MNEVabc4cs19CbzAFZmXz","5YgYbGti0rKFKL9H9mqV1B","album","2011-12-13",2011,"day",0.522,0.156,3,-25.016,1,0.395,0.868,1e-05,0.575,0.68,81.466,"04BdQRL4i8ogdstcH7CoIQ","https://api.spotify.com/v1/audio-analysis/04BdQRL4i8ogdstcH7CoIQ",5,1,89360,TRUE,"https://api.spotify.com/v1/tracks/04BdQRL4i8ogdstcH7CoIQ",FALSE,"Interlude Terrace Martin & Devi Dev","https://p.scdn.co/mp3-preview/60087b7d1724567b972fcb3bd9fb7e3463b2fd56?cid=c22575ce003a46ba95e4590c10b3acb1",22,"track","spotify:track:04BdQRL4i8ogdstcH7CoIQ","https://open.spotify.com/track/04BdQRL4i8ogdstcH7CoIQ","Here, My Dear","D#","major","D# major","jazz"
"Terrace Martin","7MNEVabc4cs19CbzAFZmXz","5YgYbGti0rKFKL9H9mqV1B","album","2011-12-13",2011,"day",0.623,0.449,11,-12.95,1,0.0663,0.0709,0.0925,0.0896,0.541,158.581,"3jzbR06Ggx3GrjvxMS7QOo","https://api.spotify.com/v1/audio-analysis/3jzbR06Ggx3GrjvxMS7QOo",4,1,414413,TRUE,"https://api.spotify.com/v1/tracks/3jzbR06Ggx3GrjvxMS7QOo",FALSE,"Here, My Dear","https://p.scdn.co/mp3-preview/864648887396add56ad45c6e6200a70de35d98b3?cid=c22575ce003a46ba95e4590c10b3acb1",23,"track","spotify:track:3jzbR06Ggx3GrjvxMS7QOo","https://open.spotify.com/track/3jzbR06Ggx3GrjvxMS7QOo","Here, My Dear","B","major","B major","jazz"
"Terrace Martin","7MNEVabc4cs19CbzAFZmXz","5KzadspMEe6R6sDrRnhZFH","album","2011-10-25",2011,"day",0.533,0.555,1,-8.413,1,0.301,0.0931,0,0.623,0.437,95.677,"0Ubmeo8q4c7VNvIVQn18Jf","https://api.spotify.com/v1/audio-analysis/0Ubmeo8q4c7VNvIVQn18Jf",1,1,122879,TRUE,"https://api.spotify.com/v1/tracks/0Ubmeo8q4c7VNvIVQn18Jf",FALSE,"Locke High School (Intro)","https://p.scdn.co/mp3-preview/193d7d12c0de8628b87ded4454096698b74d4f33?cid=c22575ce003a46ba95e4590c10b3acb1",1,"track","spotify:track:0Ubmeo8q4c7VNvIVQn18Jf","https://open.spotify.com/track/0Ubmeo8q4c7VNvIVQn18Jf","Locke High 2","C#","major","C# major","jazz"
"Terrace Martin","7MNEVabc4cs19CbzAFZmXz","5KzadspMEe6R6sDrRnhZFH","album","2011-10-25",2011,"day",0.673,0.529,1,-10.519,1,0.419,0.111,0,0.106,0.408,150.991,"1emJKp8zEWBiIosKemIEYA","https://api.spotify.com/v1/audio-analysis/1emJKp8zEWBiIosKemIEYA",4,1,211412,TRUE,"https://api.spotify.com/v1/tracks/1emJKp8zEWBiIosKemIEYA",FALSE,"Some Other Sh*t","https://p.scdn.co/mp3-preview/4311c17b1690785b50c6310a0af9a291ba2245e0?cid=c22575ce003a46ba95e4590c10b3acb1",2,"track","spotify:track:1emJKp8zEWBiIosKemIEYA","https://open.spotify.com/track/1emJKp8zEWBiIosKemIEYA","Locke High 2","C#","major","C# major","jazz"
"Terrace Martin","7MNEVabc4cs19CbzAFZmXz","5KzadspMEe6R6sDrRnhZFH","album","2011-10-25",2011,"day",0.551,0.767,5,-7.385,0,0.353,0.0184,0,0.241,0.273,171.971,"3xFc0pdc1Vpu7JCGgwf4Az","https://api.spotify.com/v1/audio-analysis/3xFc0pdc1Vpu7JCGgwf4Az",4,1,246012,TRUE,"https://api.spotify.com/v1/tracks/3xFc0pdc1Vpu7JCGgwf4Az",FALSE,"Shinen","https://p.scdn.co/mp3-preview/643efb386064837503812946908196e970496338?cid=c22575ce003a46ba95e4590c10b3acb1",3,"track","spotify:track:3xFc0pdc1Vpu7JCGgwf4Az","https://open.spotify.com/track/3xFc0pdc1Vpu7JCGgwf4Az","Locke High 2","F","minor","F minor","jazz"
"Terrace Martin","7MNEVabc4cs19CbzAFZmXz","5KzadspMEe6R6sDrRnhZFH","album","2011-10-25",2011,"day",0.561,0.733,2,-6.408,1,0.427,0.0141,0,0.336,0.479,117.464,"2OZKQZIPdp7K4Sb5MYtXmg","https://api.spotify.com/v1/audio-analysis/2OZKQZIPdp7K4Sb5MYtXmg",5,1,263812,TRUE,"https://api.spotify.com/v1/tracks/2OZKQZIPdp7K4Sb5MYtXmg",FALSE,"Life And Times","https://p.scdn.co/mp3-preview/8d416da9e6303367d321ddc3ef800f0d2ba9f1e4?cid=c22575ce003a46ba95e4590c10b3acb1",4,"track","spotify:track:2OZKQZIPdp7K4Sb5MYtXmg","https://open.spotify.com/track/2OZKQZIPdp7K4Sb5MYtXmg","Locke High 2","D","major","D major","jazz"
"Terrace Martin","7MNEVabc4cs19CbzAFZmXz","5KzadspMEe6R6sDrRnhZFH","album","2011-10-25",2011,"day",0.623,0.772,11,-7.721,0,0.319,0.347,0,0.114,0.5,93.723,"3bYytoJTE1KpPWqShh5848","https://api.spotify.com/v1/audio-analysis/3bYytoJTE1KpPWqShh5848",4,1,250772,TRUE,"https://api.spotify.com/v1/tracks/3bYytoJTE1KpPWqShh5848",FALSE,"Cruz Control","https://p.scdn.co/mp3-preview/ac6b973da916b9ad2aad385de746c9bb79373a0e?cid=c22575ce003a46ba95e4590c10b3acb1",5,"track","spotify:track:3bYytoJTE1KpPWqShh5848","https://open.spotify.com/track/3bYytoJTE1KpPWqShh5848","Locke High 2","B","minor","B minor","jazz"
"Terrace Martin","7MNEVabc4cs19CbzAFZmXz","5KzadspMEe6R6sDrRnhZFH","album","2011-10-25",2011,"day",0.297,0.501,9,-9.48,0,0.148,0.0599,0,0.199,0.362,81.328,"08tyFeV4HIoZskpclvZaj9","https://api.spotify.com/v1/audio-analysis/08tyFeV4HIoZskpclvZaj9",4,1,258292,TRUE,"https://api.spotify.com/v1/tracks/08tyFeV4HIoZskpclvZaj9",FALSE,"Best Thing I Can Be","https://p.scdn.co/mp3-preview/9aa1798c70c007280d62275636c0cd7dc5570809?cid=c22575ce003a46ba95e4590c10b3acb1",6,"track","spotify:track:08tyFeV4HIoZskpclvZaj9","https://open.spotify.com/track/08tyFeV4HIoZskpclvZaj9","Locke High 2","A","minor","A minor","jazz"
"Terrace Martin","7MNEVabc4cs19CbzAFZmXz","5KzadspMEe6R6sDrRnhZFH","album","2011-10-25",2011,"day",0.475,0.671,2,-8.906,1,0.267,0.00305,0,0.201,0.519,145.526,"0TcT8PdIoXugpxSBekj3Lp","https://api.spotify.com/v1/audio-analysis/0TcT8PdIoXugpxSBekj3Lp",4,1,187012,TRUE,"https://api.spotify.com/v1/tracks/0TcT8PdIoXugpxSBekj3Lp",FALSE,"111th & San Pedro","https://p.scdn.co/mp3-preview/902b6f1a430f8d46a7507325d31ac0b1f99e494c?cid=c22575ce003a46ba95e4590c10b3acb1",7,"track","spotify:track:0TcT8PdIoXugpxSBekj3Lp","https://open.spotify.com/track/0TcT8PdIoXugpxSBekj3Lp","Locke High 2","D","major","D major","jazz"
"Terrace Martin","7MNEVabc4cs19CbzAFZmXz","5KzadspMEe6R6sDrRnhZFH","album","2011-10-25",2011,"day",0.38,0.705,2,-7.788,1,0.155,0.02,0,0.379,0.178,114.156,"0aUUSodgN1IuxWU7rkG7ti","https://api.spotify.com/v1/audio-analysis/0aUUSodgN1IuxWU7rkG7ti",3,1,272572,TRUE,"https://api.spotify.com/v1/tracks/0aUUSodgN1IuxWU7rkG7ti",FALSE,"Lithium","https://p.scdn.co/mp3-preview/f91aab71cc85ec06924ca16b3b774e597e2297c1?cid=c22575ce003a46ba95e4590c10b3acb1",8,"track","spotify:track:0aUUSodgN1IuxWU7rkG7ti","https://open.spotify.com/track/0aUUSodgN1IuxWU7rkG7ti","Locke High 2","D","major","D major","jazz"
"Terrace Martin","7MNEVabc4cs19CbzAFZmXz","5KzadspMEe6R6sDrRnhZFH","album","2011-10-25",2011,"day",0.607,0.379,10,-10.518,1,0.102,0.197,3.64e-06,0.585,0.206,132.062,"3npgoZViuX01bxoTCpd4rA","https://api.spotify.com/v1/audio-analysis/3npgoZViuX01bxoTCpd4rA",4,1,335932,TRUE,"https://api.spotify.com/v1/tracks/3npgoZViuX01bxoTCpd4rA",FALSE,"In The Sky","https://p.scdn.co/mp3-preview/76a9cd4e57ba587cbef0174c69773a1be2b4c914?cid=c22575ce003a46ba95e4590c10b3acb1",9,"track","spotify:track:3npgoZViuX01bxoTCpd4rA","https://open.spotify.com/track/3npgoZViuX01bxoTCpd4rA","Locke High 2","A#","major","A# major","jazz"
"Terrace Martin","7MNEVabc4cs19CbzAFZmXz","5KzadspMEe6R6sDrRnhZFH","album","2011-10-25",2011,"day",0.854,0.587,7,-10.013,1,0.219,0.122,0,0.232,0.793,126.031,"6tjxsNiHSu2XhtTwlIauIG","https://api.spotify.com/v1/audio-analysis/6tjxsNiHSu2XhtTwlIauIG",4,1,251239,TRUE,"https://api.spotify.com/v1/tracks/6tjxsNiHSu2XhtTwlIauIG",FALSE,"Do It Again","https://p.scdn.co/mp3-preview/3a5de5067cae77c02c4e810f1ef0af5496783cdb?cid=c22575ce003a46ba95e4590c10b3acb1",10,"track","spotify:track:6tjxsNiHSu2XhtTwlIauIG","https://open.spotify.com/track/6tjxsNiHSu2XhtTwlIauIG","Locke High 2","G","major","G major","jazz"
"Terrace Martin","7MNEVabc4cs19CbzAFZmXz","5KzadspMEe6R6sDrRnhZFH","album","2011-10-25",2011,"day",0.58,0.672,5,-9.838,0,0.0497,0.384,0.00951,0.131,0.66,130.444,"6dDxn3KDfLJxBzCHExCpYx","https://api.spotify.com/v1/audio-analysis/6dDxn3KDfLJxBzCHExCpYx",4,1,122292,TRUE,"https://api.spotify.com/v1/tracks/6dDxn3KDfLJxBzCHExCpYx",FALSE,"We Just Keep It Hood","https://p.scdn.co/mp3-preview/0955c602b39d67bc93ad6d82b62f75247eeebed2?cid=c22575ce003a46ba95e4590c10b3acb1",11,"track","spotify:track:6dDxn3KDfLJxBzCHExCpYx","https://open.spotify.com/track/6dDxn3KDfLJxBzCHExCpYx","Locke High 2","F","minor","F minor","jazz"
"Terrace Martin","7MNEVabc4cs19CbzAFZmXz","5KzadspMEe6R6sDrRnhZFH","album","2011-10-25",2011,"day",0.642,0.467,0,-9.7,1,0.217,0.0127,0,0.249,0.244,81.573,"1fjkfKjtP6hvOMLs9VbYZc","https://api.spotify.com/v1/audio-analysis/1fjkfKjtP6hvOMLs9VbYZc",4,1,312732,TRUE,"https://api.spotify.com/v1/tracks/1fjkfKjtP6hvOMLs9VbYZc",FALSE,"Smoke With Me","https://p.scdn.co/mp3-preview/b31075265192fb7442f42ee043f9e09fa3a9013e?cid=c22575ce003a46ba95e4590c10b3acb1",12,"track","spotify:track:1fjkfKjtP6hvOMLs9VbYZc","https://open.spotify.com/track/1fjkfKjtP6hvOMLs9VbYZc","Locke High 2","C","major","C major","jazz"
"Terrace Martin","7MNEVabc4cs19CbzAFZmXz","5KzadspMEe6R6sDrRnhZFH","album","2011-10-25",2011,"day",0.515,0.0585,3,-25.269,0,0.0804,0.758,0,0.514,0.24,69.714,"56KHe0KNDJOCr0WH3k8K4o","https://api.spotify.com/v1/audio-analysis/56KHe0KNDJOCr0WH3k8K4o",4,1,72212,TRUE,"https://api.spotify.com/v1/tracks/56KHe0KNDJOCr0WH3k8K4o",FALSE,"Sing For Me (Interlude)","https://p.scdn.co/mp3-preview/0de894fc98ac63d555d33f65a9f449ee72e54cb9?cid=c22575ce003a46ba95e4590c10b3acb1",13,"track","spotify:track:56KHe0KNDJOCr0WH3k8K4o","https://open.spotify.com/track/56KHe0KNDJOCr0WH3k8K4o","Locke High 2","D#","minor","D# minor","jazz"
"Terrace Martin","7MNEVabc4cs19CbzAFZmXz","5KzadspMEe6R6sDrRnhZFH","album","2011-10-25",2011,"day",0.589,0.576,1,-11.78,1,0.0842,0.0175,0,0.443,0.273,98.407,"1vWTaBs6KS1TtMbyOJI38t","https://api.spotify.com/v1/audio-analysis/1vWTaBs6KS1TtMbyOJI38t",4,1,218052,TRUE,"https://api.spotify.com/v1/tracks/1vWTaBs6KS1TtMbyOJI38t",FALSE,"Love","https://p.scdn.co/mp3-preview/0097cbb22412235cd59c4306b1793f1ec293795b?cid=c22575ce003a46ba95e4590c10b3acb1",14,"track","spotify:track:1vWTaBs6KS1TtMbyOJI38t","https://open.spotify.com/track/1vWTaBs6KS1TtMbyOJI38t","Locke High 2","C#","major","C# major","jazz"
"Terrace Martin","7MNEVabc4cs19CbzAFZmXz","5KzadspMEe6R6sDrRnhZFH","album","2011-10-25",2011,"day",0.585,0.697,11,-10.35,1,0.125,0.0421,2.01e-06,0.361,0.34,98.666,"4npdh9CdHoZjPPEemLUQXj","https://api.spotify.com/v1/audio-analysis/4npdh9CdHoZjPPEemLUQXj",4,1,243252,TRUE,"https://api.spotify.com/v1/tracks/4npdh9CdHoZjPPEemLUQXj",FALSE,"L.A. Dreamen","https://p.scdn.co/mp3-preview/7140219d03357379babb19bf36a07c0fd5f1fd8c?cid=c22575ce003a46ba95e4590c10b3acb1",15,"track","spotify:track:4npdh9CdHoZjPPEemLUQXj","https://open.spotify.com/track/4npdh9CdHoZjPPEemLUQXj","Locke High 2","B","major","B major","jazz"
"Terrace Martin","7MNEVabc4cs19CbzAFZmXz","5KzadspMEe6R6sDrRnhZFH","album","2011-10-25",2011,"day",0.486,0.648,1,-9.429,1,0.364,0.0905,0,0.137,0.602,85.752,"1ap0EZeDrx2G6D6SoZVhTS","https://api.spotify.com/v1/audio-analysis/1ap0EZeDrx2G6D6SoZVhTS",4,1,207292,TRUE,"https://api.spotify.com/v1/tracks/1ap0EZeDrx2G6D6SoZVhTS",FALSE,"Reasons For Seasons","https://p.scdn.co/mp3-preview/353aac3ab4e6df30d9dd5f723a767f8b67042e31?cid=c22575ce003a46ba95e4590c10b3acb1",16,"track","spotify:track:1ap0EZeDrx2G6D6SoZVhTS","https://open.spotify.com/track/1ap0EZeDrx2G6D6SoZVhTS","Locke High 2","C#","major","C# major","jazz"
"Terrace Martin","7MNEVabc4cs19CbzAFZmXz","5KzadspMEe6R6sDrRnhZFH","album","2011-10-25",2011,"day",0.537,0.529,9,-14.069,0,0.276,0.336,0,0.121,0.267,83.888,"3MSHlCmkfPM8ACVUMIbK0P","https://api.spotify.com/v1/audio-analysis/3MSHlCmkfPM8ACVUMIbK0P",4,1,425532,TRUE,"https://api.spotify.com/v1/tracks/3MSHlCmkfPM8ACVUMIbK0P",FALSE,"Who Is Terrace Martin","https://p.scdn.co/mp3-preview/bc92f584f3268033f9693a3e44dbbd695d292897?cid=c22575ce003a46ba95e4590c10b3acb1",17,"track","spotify:track:3MSHlCmkfPM8ACVUMIbK0P","https://open.spotify.com/track/3MSHlCmkfPM8ACVUMIbK0P","Locke High 2","A","minor","A minor","jazz"
"Terrace Martin","7MNEVabc4cs19CbzAFZmXz","7w8g2KEnTTWQ7notJ4lekb","album","2011-08-02",2011,"day",0.891,0.51,8,-10.159,0,0.402,0.0475,0,0.578,0.597,133.446,"11ihcH49eO1FyGJRBgASij","https://api.spotify.com/v1/audio-analysis/11ihcH49eO1FyGJRBgASij",4,1,255066,TRUE,"https://api.spotify.com/v1/tracks/11ihcH49eO1FyGJRBgASij",FALSE,"We on Melrose","https://p.scdn.co/mp3-preview/061144d34036f042cef914504798c95fba327b5e?cid=c22575ce003a46ba95e4590c10b3acb1",1,"track","spotify:track:11ihcH49eO1FyGJRBgASij","https://open.spotify.com/track/11ihcH49eO1FyGJRBgASij","Melrose","G#","minor","G# minor","jazz"
"Terrace Martin","7MNEVabc4cs19CbzAFZmXz","7w8g2KEnTTWQ7notJ4lekb","album","2011-08-02",2011,"day",0.867,0.358,11,-12.016,1,0.575,0.0459,0.0105,0.103,0.361,95.687,"4pauAgxFMEJdTLr697PdkA","https://api.spotify.com/v1/audio-analysis/4pauAgxFMEJdTLr697PdkA",4,1,196240,TRUE,"https://api.spotify.com/v1/tracks/4pauAgxFMEJdTLr697PdkA",FALSE,"Fresh Kicks","https://p.scdn.co/mp3-preview/484247aad1c167cfd2d4210fcd0001d2cd0fcd53?cid=c22575ce003a46ba95e4590c10b3acb1",2,"track","spotify:track:4pauAgxFMEJdTLr697PdkA","https://open.spotify.com/track/4pauAgxFMEJdTLr697PdkA","Melrose","B","major","B major","jazz"
"Terrace Martin","7MNEVabc4cs19CbzAFZmXz","7w8g2KEnTTWQ7notJ4lekb","album","2011-08-02",2011,"day",0.814,0.811,11,-7.096,0,0.285,0.0477,1.11e-06,0.294,0.636,125.008,"6iedEQIqkwJAlJfFYmCeqZ","https://api.spotify.com/v1/audio-analysis/6iedEQIqkwJAlJfFYmCeqZ",4,1,228400,TRUE,"https://api.spotify.com/v1/tracks/6iedEQIqkwJAlJfFYmCeqZ",FALSE,"It's No Surprise","https://p.scdn.co/mp3-preview/8cbf2645065bd7cd532e352d1e0625e66757a1b1?cid=c22575ce003a46ba95e4590c10b3acb1",3,"track","spotify:track:6iedEQIqkwJAlJfFYmCeqZ","https://open.spotify.com/track/6iedEQIqkwJAlJfFYmCeqZ","Melrose","B","minor","B minor","jazz"
"Terrace Martin","7MNEVabc4cs19CbzAFZmXz","7w8g2KEnTTWQ7notJ4lekb","album","2011-08-02",2011,"day",0.822,0.504,1,-10.682,1,0.269,0.00361,0,0.0817,0.367,131.917,"0jkr6I4hY3kTBciDmxbeiB","https://api.spotify.com/v1/audio-analysis/0jkr6I4hY3kTBciDmxbeiB",4,1,211080,TRUE,"https://api.spotify.com/v1/tracks/0jkr6I4hY3kTBciDmxbeiB",FALSE,"We Got Something","https://p.scdn.co/mp3-preview/86c5292453bb56a3d7ce636d784964bac6624db6?cid=c22575ce003a46ba95e4590c10b3acb1",4,"track","spotify:track:0jkr6I4hY3kTBciDmxbeiB","https://open.spotify.com/track/0jkr6I4hY3kTBciDmxbeiB","Melrose","C#","major","C# major","jazz"
"Terrace Martin","7MNEVabc4cs19CbzAFZmXz","7w8g2KEnTTWQ7notJ4lekb","album","2011-08-02",2011,"day",0.795,0.604,1,-10.922,0,0.236,0.129,0,0.542,0.374,138.651,"143oFlS1QbIqrxoI3gPaqP","https://api.spotify.com/v1/audio-analysis/143oFlS1QbIqrxoI3gPaqP",4,1,235640,TRUE,"https://api.spotify.com/v1/tracks/143oFlS1QbIqrxoI3gPaqP",FALSE,"She's a Prostitute","https://p.scdn.co/mp3-preview/98aab5c4d6b0c331b5aee53fea08b6076c717f6d?cid=c22575ce003a46ba95e4590c10b3acb1",5,"track","spotify:track:143oFlS1QbIqrxoI3gPaqP","https://open.spotify.com/track/143oFlS1QbIqrxoI3gPaqP","Melrose","C#","minor","C# minor","jazz"
"Terrace Martin","7MNEVabc4cs19CbzAFZmXz","7w8g2KEnTTWQ7notJ4lekb","album","2011-08-02",2011,"day",0.799,0.427,9,-11.615,1,0.115,0.00809,1.37e-05,0.188,0.429,115.008,"6pXpsNCojpnLATSrkziVlJ","https://api.spotify.com/v1/audio-analysis/6pXpsNCojpnLATSrkziVlJ",4,1,204880,TRUE,"https://api.spotify.com/v1/tracks/6pXpsNCojpnLATSrkziVlJ",FALSE,"'Ding Dong","https://p.scdn.co/mp3-preview/957efabab9adadd1df368ff30261b7660db79248?cid=c22575ce003a46ba95e4590c10b3acb1",6,"track","spotify:track:6pXpsNCojpnLATSrkziVlJ","https://open.spotify.com/track/6pXpsNCojpnLATSrkziVlJ","Melrose","A","major","A major","jazz"
"Terrace Martin","7MNEVabc4cs19CbzAFZmXz","7w8g2KEnTTWQ7notJ4lekb","album","2011-08-02",2011,"day",0.871,0.804,11,-10.471,0,0.506,0.391,0,0.326,0.938,68.495,"0gsuLD4y6C8LZMSXXcju7j","https://api.spotify.com/v1/audio-analysis/0gsuLD4y6C8LZMSXXcju7j",4,1,211440,TRUE,"https://api.spotify.com/v1/tracks/0gsuLD4y6C8LZMSXXcju7j",FALSE,"Dandruff","https://p.scdn.co/mp3-preview/518cef1b437b51ec133e17dc46551bcc053174b1?cid=c22575ce003a46ba95e4590c10b3acb1",7,"track","spotify:track:0gsuLD4y6C8LZMSXXcju7j","https://open.spotify.com/track/0gsuLD4y6C8LZMSXXcju7j","Melrose","B","minor","B minor","jazz"
"Terrace Martin","7MNEVabc4cs19CbzAFZmXz","7w8g2KEnTTWQ7notJ4lekb","album","2011-08-02",2011,"day",0.762,0.483,8,-11.938,0,0.116,0.00181,0,0.112,0.669,133.294,"2GFOr5vqsJsUdBA1DlcHSk","https://api.spotify.com/v1/audio-analysis/2GFOr5vqsJsUdBA1DlcHSk",4,1,325026,TRUE,"https://api.spotify.com/v1/tracks/2GFOr5vqsJsUdBA1DlcHSk",FALSE,"Hoodrat Blues","https://p.scdn.co/mp3-preview/0c60f22c9780a6b6f884703982bbf9194cd5f14c?cid=c22575ce003a46ba95e4590c10b3acb1",8,"track","spotify:track:2GFOr5vqsJsUdBA1DlcHSk","https://open.spotify.com/track/2GFOr5vqsJsUdBA1DlcHSk","Melrose","G#","minor","G# minor","jazz"
"Terrace Martin","7MNEVabc4cs19CbzAFZmXz","7w8g2KEnTTWQ7notJ4lekb","album","2011-08-02",2011,"day",0.861,0.784,10,-6.934,0,0.471,0.345,0.00109,0.123,0.419,136.197,"7b8IrEs6rX9FwURoOVOZEe","https://api.spotify.com/v1/audio-analysis/7b8IrEs6rX9FwURoOVOZEe",4,1,193840,TRUE,"https://api.spotify.com/v1/tracks/7b8IrEs6rX9FwURoOVOZEe",FALSE,"She's a Loser","https://p.scdn.co/mp3-preview/3fbd0dfa6912d4ee9482eedfabb94cd0c7f65a1d?cid=c22575ce003a46ba95e4590c10b3acb1",9,"track","spotify:track:7b8IrEs6rX9FwURoOVOZEe","https://open.spotify.com/track/7b8IrEs6rX9FwURoOVOZEe","Melrose","A#","minor","A# minor","jazz"
"Terrace Martin","7MNEVabc4cs19CbzAFZmXz","7w8g2KEnTTWQ7notJ4lekb","album","2011-08-02",2011,"day",0.756,0.331,1,-15.474,1,0.0987,0.296,0.092,0.1,0.568,123.415,"3RtKgbr4wXkJQjArsPZfdZ","https://api.spotify.com/v1/audio-analysis/3RtKgbr4wXkJQjArsPZfdZ",4,1,228400,TRUE,"https://api.spotify.com/v1/tracks/3RtKgbr4wXkJQjArsPZfdZ",FALSE,"Thank U 4 <3 Ur Gf","https://p.scdn.co/mp3-preview/c547db5266f32e4aeb58a60942d4d2c07901aa79?cid=c22575ce003a46ba95e4590c10b3acb1",10,"track","spotify:track:3RtKgbr4wXkJQjArsPZfdZ","https://open.spotify.com/track/3RtKgbr4wXkJQjArsPZfdZ","Melrose","C#","major","C# major","jazz"
"Terrace Martin","7MNEVabc4cs19CbzAFZmXz","7w8g2KEnTTWQ7notJ4lekb","album","2011-08-02",2011,"day",0.948,0.386,1,-9.231,1,0.128,0.0117,5.05e-05,0.138,0.268,120,"4rwlgeabaqVFPgBDWhfzxg","https://api.spotify.com/v1/audio-analysis/4rwlgeabaqVFPgBDWhfzxg",4,1,211480,TRUE,"https://api.spotify.com/v1/tracks/4rwlgeabaqVFPgBDWhfzxg",FALSE,"(Super Duper Extra Secret Song)","https://p.scdn.co/mp3-preview/89b3f09f9601d3375643f18ded0b62e97efbf344?cid=c22575ce003a46ba95e4590c10b3acb1",11,"track","spotify:track:4rwlgeabaqVFPgBDWhfzxg","https://open.spotify.com/track/4rwlgeabaqVFPgBDWhfzxg","Melrose","C#","major","C# major","jazz"
"Terrace Martin","7MNEVabc4cs19CbzAFZmXz","7w8g2KEnTTWQ7notJ4lekb","album","2011-08-02",2011,"day",0.532,0.52,8,-9.459,0,0.284,0.309,0,0.107,0.582,116.65,"5hCj94ENoS7l2Zrjz8ZzDm","https://api.spotify.com/v1/audio-analysis/5hCj94ENoS7l2Zrjz8ZzDm",5,1,255120,TRUE,"https://api.spotify.com/v1/tracks/5hCj94ENoS7l2Zrjz8ZzDm",FALSE,"Thing for You","https://p.scdn.co/mp3-preview/dcf20d062dfd7979f1b222707bbce4367d918ad2?cid=c22575ce003a46ba95e4590c10b3acb1",12,"track","spotify:track:5hCj94ENoS7l2Zrjz8ZzDm","https://open.spotify.com/track/5hCj94ENoS7l2Zrjz8ZzDm","Melrose","G#","minor","G# minor","jazz"
"Terrace Martin","7MNEVabc4cs19CbzAFZmXz","7w8g2KEnTTWQ7notJ4lekb","album","2011-08-02",2011,"day",0.818,0.478,10,-11.262,0,0.202,0.0257,0.000321,0.0654,0.698,100.019,"4tcuv5Cxd4rRbSNMlUgBJP","https://api.spotify.com/v1/audio-analysis/4tcuv5Cxd4rRbSNMlUgBJP",4,1,221626,TRUE,"https://api.spotify.com/v1/tracks/4tcuv5Cxd4rRbSNMlUgBJP",FALSE,"Doing Me","https://p.scdn.co/mp3-preview/95e1d51f2b2fc6a5ef31465e58562f7e1e2de95b?cid=c22575ce003a46ba95e4590c10b3acb1",13,"track","spotify:track:4tcuv5Cxd4rRbSNMlUgBJP","https://open.spotify.com/track/4tcuv5Cxd4rRbSNMlUgBJP","Melrose","A#","minor","A# minor","jazz"
"Terrace Martin","7MNEVabc4cs19CbzAFZmXz","7w8g2KEnTTWQ7notJ4lekb","album","2011-08-02",2011,"day",0.651,0.517,5,-14.511,0,0.151,0.122,0,0.128,0.593,119.849,"76UsbJcBao9C8T52pEO6yB","https://api.spotify.com/v1/audio-analysis/76UsbJcBao9C8T52pEO6yB",4,1,238626,TRUE,"https://api.spotify.com/v1/tracks/76UsbJcBao9C8T52pEO6yB",FALSE,"Hands in the Sky","https://p.scdn.co/mp3-preview/4bea5543cbb3ed8d8995d2ffd60d3f46ec4389ac?cid=c22575ce003a46ba95e4590c10b3acb1",14,"track","spotify:track:76UsbJcBao9C8T52pEO6yB","https://open.spotify.com/track/76UsbJcBao9C8T52pEO6yB","Melrose","F","minor","F minor","jazz"
"Terrace Martin","7MNEVabc4cs19CbzAFZmXz","1lWLMC5tL20nqXk3L1gbxc","album","2011-06-14",2011,"day",0.869,0.395,0,-10.035,0,0.696,0.00147,0.00124,0.207,0.252,80.01,"2WCL7R9yfJvJNu6e5dsPZ1","https://api.spotify.com/v1/audio-analysis/2WCL7R9yfJvJNu6e5dsPZ1",4,1,251533,FALSE,"https://api.spotify.com/v1/tracks/2WCL7R9yfJvJNu6e5dsPZ1",FALSE,"Blast (Intro)","https://p.scdn.co/mp3-preview/5c190847ff708493eaa2abde60bdabbeb4879f9f?cid=c22575ce003a46ba95e4590c10b3acb1",1,"track","spotify:track:2WCL7R9yfJvJNu6e5dsPZ1","https://open.spotify.com/track/2WCL7R9yfJvJNu6e5dsPZ1","Hard Drives: Instrumentals V. 1","C","minor","C minor","jazz"
"Terrace Martin","7MNEVabc4cs19CbzAFZmXz","1lWLMC5tL20nqXk3L1gbxc","album","2011-06-14",2011,"day",0.59,0.14,5,-14.524,0,0.0473,0.0219,0.872,0.0658,0.39,175.459,"0bJqgl2qi2a9DqZtfe1j9M","https://api.spotify.com/v1/audio-analysis/0bJqgl2qi2a9DqZtfe1j9M",4,1,314651,FALSE,"https://api.spotify.com/v1/tracks/0bJqgl2qi2a9DqZtfe1j9M",FALSE,"Neva Hafta Wurry Bout Dat","https://p.scdn.co/mp3-preview/8d2ff8ce3ff31405ee2b1255644915ebc28af103?cid=c22575ce003a46ba95e4590c10b3acb1",2,"track","spotify:track:0bJqgl2qi2a9DqZtfe1j9M","https://open.spotify.com/track/0bJqgl2qi2a9DqZtfe1j9M","Hard Drives: Instrumentals V. 1","F","minor","F minor","jazz"
"Terrace Martin","7MNEVabc4cs19CbzAFZmXz","1lWLMC5tL20nqXk3L1gbxc","album","2011-06-14",2011,"day",0.516,0.437,8,-14.835,0,0.0554,0.071,0.611,0.107,0.0385,120.744,"6zt8Y91elRybQVapeHzMJy","https://api.spotify.com/v1/audio-analysis/6zt8Y91elRybQVapeHzMJy",5,1,303862,FALSE,"https://api.spotify.com/v1/tracks/6zt8Y91elRybQVapeHzMJy",FALSE,"Roll Up","https://p.scdn.co/mp3-preview/060dbb448a33ec0157f4ea670ca7b5a8ed9c01a8?cid=c22575ce003a46ba95e4590c10b3acb1",3,"track","spotify:track:6zt8Y91elRybQVapeHzMJy","https://open.spotify.com/track/6zt8Y91elRybQVapeHzMJy","Hard Drives: Instrumentals V. 1","G#","minor","G# minor","jazz"
"Terrace Martin","7MNEVabc4cs19CbzAFZmXz","1lWLMC5tL20nqXk3L1gbxc","album","2011-06-14",2011,"day",0.682,0.25,10,-14.958,0,0.445,0.000103,0.321,0.104,0.409,89.186,"4BRaK7IUZFI0Tu3KhUQ14m","https://api.spotify.com/v1/audio-analysis/4BRaK7IUZFI0Tu3KhUQ14m",4,1,206948,FALSE,"https://api.spotify.com/v1/tracks/4BRaK7IUZFI0Tu3KhUQ14m",FALSE,"Bounce, Rock, Skate","https://p.scdn.co/mp3-preview/7f981d375e8104f1f30da5a1bf924a50dc54501a?cid=c22575ce003a46ba95e4590c10b3acb1",4,"track","spotify:track:4BRaK7IUZFI0Tu3KhUQ14m","https://open.spotify.com/track/4BRaK7IUZFI0Tu3KhUQ14m","Hard Drives: Instrumentals V. 1","A#","minor","A# minor","jazz"
"Terrace Martin","7MNEVabc4cs19CbzAFZmXz","1lWLMC5tL20nqXk3L1gbxc","album","2011-06-14",2011,"day",0.768,0.453,1,-12.878,0,0.0581,0.0215,0.888,0.051,0.224,98.959,"1m6TNWGotdjaMSsf6JpVIJ","https://api.spotify.com/v1/audio-analysis/1m6TNWGotdjaMSsf6JpVIJ",4,1,196363,FALSE,"https://api.spotify.com/v1/tracks/1m6TNWGotdjaMSsf6JpVIJ",FALSE,"I'm Burnt","https://p.scdn.co/mp3-preview/35de10db0874c7410dd88b0a69284e181b91f395?cid=c22575ce003a46ba95e4590c10b3acb1",5,"track","spotify:track:1m6TNWGotdjaMSsf6JpVIJ","https://open.spotify.com/track/1m6TNWGotdjaMSsf6JpVIJ","Hard Drives: Instrumentals V. 1","C#","minor","C# minor","jazz"
"Terrace Martin","7MNEVabc4cs19CbzAFZmXz","1lWLMC5tL20nqXk3L1gbxc","album","2011-06-14",2011,"day",0.88,0.0611,1,-12.09,1,0.0638,0.00204,0.877,0.112,0.198,78.516,"5fLGrItYdjHk4xZDYQyyaU","https://api.spotify.com/v1/audio-analysis/5fLGrItYdjHk4xZDYQyyaU",4,1,234567,FALSE,"https://api.spotify.com/v1/tracks/5fLGrItYdjHk4xZDYQyyaU",FALSE,"Ridin' Rollin'","https://p.scdn.co/mp3-preview/f5f3f3449da5a5a8a86471d991fbe385081beb08?cid=c22575ce003a46ba95e4590c10b3acb1",6,"track","spotify:track:5fLGrItYdjHk4xZDYQyyaU","https://open.spotify.com/track/5fLGrItYdjHk4xZDYQyyaU","Hard Drives: Instrumentals V. 1","C#","major","C# major","jazz"
"Terrace Martin","7MNEVabc4cs19CbzAFZmXz","1lWLMC5tL20nqXk3L1gbxc","album","2011-06-14",2011,"day",0.507,0.328,1,-11.539,0,0.206,0.193,0.28,0.116,0.221,157.403,"20eSApFuvX543rWLnrucKE","https://api.spotify.com/v1/audio-analysis/20eSApFuvX543rWLnrucKE",4,1,219567,FALSE,"https://api.spotify.com/v1/tracks/20eSApFuvX543rWLnrucKE",FALSE,"Koo Koo Cyco Loco","https://p.scdn.co/mp3-preview/df7a03a098a1fd14128b31d33b6a7bd27e68f0d9?cid=c22575ce003a46ba95e4590c10b3acb1",7,"track","spotify:track:20eSApFuvX543rWLnrucKE","https://open.spotify.com/track/20eSApFuvX543rWLnrucKE","Hard Drives: Instrumentals V. 1","C#","minor","C# minor","jazz"
"Terrace Martin","7MNEVabc4cs19CbzAFZmXz","1lWLMC5tL20nqXk3L1gbxc","album","2011-06-14",2011,"day",0.579,0.259,8,-9.116,0,0.306,0.687,0.91,0.086,0.229,116.294,"2tfzmgIqnxcxc8ZWu56gOd","https://api.spotify.com/v1/audio-analysis/2tfzmgIqnxcxc8ZWu56gOd",5,1,220338,FALSE,"https://api.spotify.com/v1/tracks/2tfzmgIqnxcxc8ZWu56gOd",FALSE,"Play Young Tiger Play","https://p.scdn.co/mp3-preview/87b104b38dafde3d2bef2bbc80c2fb515127e890?cid=c22575ce003a46ba95e4590c10b3acb1",8,"track","spotify:track:2tfzmgIqnxcxc8ZWu56gOd","https://open.spotify.com/track/2tfzmgIqnxcxc8ZWu56gOd","Hard Drives: Instrumentals V. 1","G#","minor","G# minor","jazz"
"Terrace Martin","7MNEVabc4cs19CbzAFZmXz","1lWLMC5tL20nqXk3L1gbxc","album","2011-06-14",2011,"day",0.849,0.255,1,-16.272,1,0.184,0.0477,0.406,0.0616,0.311,128.898,"6bCOHUMBBMCoWyGq2SNP7e","https://api.spotify.com/v1/audio-analysis/6bCOHUMBBMCoWyGq2SNP7e",5,1,152008,FALSE,"https://api.spotify.com/v1/tracks/6bCOHUMBBMCoWyGq2SNP7e",FALSE,"Tik Tok","https://p.scdn.co/mp3-preview/23c7e03796a8d75f2f8afa596abd077abab052e9?cid=c22575ce003a46ba95e4590c10b3acb1",9,"track","spotify:track:6bCOHUMBBMCoWyGq2SNP7e","https://open.spotify.com/track/6bCOHUMBBMCoWyGq2SNP7e","Hard Drives: Instrumentals V. 1","C#","major","C# major","jazz"
"Terrace Martin","7MNEVabc4cs19CbzAFZmXz","1lWLMC5tL20nqXk3L1gbxc","album","2011-06-14",2011,"day",0.71,0.375,9,-16.818,1,0.0726,0.0679,0.944,0.0808,0.598,93.303,"1UV4VX8IjsTDwNOyN1SUiK","https://api.spotify.com/v1/audio-analysis/1UV4VX8IjsTDwNOyN1SUiK",3,1,216111,FALSE,"https://api.spotify.com/v1/tracks/1UV4VX8IjsTDwNOyN1SUiK",FALSE,"Harnett","https://p.scdn.co/mp3-preview/da7a3c1078c741c3714656b11756962818b0081d?cid=c22575ce003a46ba95e4590c10b3acb1",10,"track","spotify:track:1UV4VX8IjsTDwNOyN1SUiK","https://open.spotify.com/track/1UV4VX8IjsTDwNOyN1SUiK","Hard Drives: Instrumentals V. 1","A","major","A major","jazz"
"Terrace Martin","7MNEVabc4cs19CbzAFZmXz","49M2Lh0cz8fEKNtf7aZOQz","album","2011-06-07",2011,"day",0.579,0.295,10,-16.132,1,0.394,0.903,0.000161,0.145,0.945,80.975,"1RuDXWmkVMgezmP5HW3Mvx","https://api.spotify.com/v1/audio-analysis/1RuDXWmkVMgezmP5HW3Mvx",3,1,57853,TRUE,"https://api.spotify.com/v1/tracks/1RuDXWmkVMgezmP5HW3Mvx",FALSE,"Message From MC Wack","https://p.scdn.co/mp3-preview/730df530ee70d448b7e92c6903d228535185c7ca?cid=c22575ce003a46ba95e4590c10b3acb1",1,"track","spotify:track:1RuDXWmkVMgezmP5HW3Mvx","https://open.spotify.com/track/1RuDXWmkVMgezmP5HW3Mvx","Signal Flow","A#","major","A# major","jazz"
"Terrace Martin","7MNEVabc4cs19CbzAFZmXz","49M2Lh0cz8fEKNtf7aZOQz","album","2011-06-07",2011,"day",0.673,0.654,0,-9.354,1,0.177,0.703,3.58e-06,0.0757,0.709,85.024,"73r6aBa60hvmEdaUTDW9nS","https://api.spotify.com/v1/audio-analysis/73r6aBa60hvmEdaUTDW9nS",4,1,226065,TRUE,"https://api.spotify.com/v1/tracks/73r6aBa60hvmEdaUTDW9nS",FALSE,"Signal Flow Intro","https://p.scdn.co/mp3-preview/1cbbbd0600785a689d3c5027227c7e49cf9bb7d3?cid=c22575ce003a46ba95e4590c10b3acb1",2,"track","spotify:track:73r6aBa60hvmEdaUTDW9nS","https://open.spotify.com/track/73r6aBa60hvmEdaUTDW9nS","Signal Flow","C","major","C major","jazz"
"Terrace Martin","7MNEVabc4cs19CbzAFZmXz","49M2Lh0cz8fEKNtf7aZOQz","album","2011-06-07",2011,"day",0.785,0.313,1,-11.614,0,0.386,0.0679,0,0.191,0.284,78.55,"53xalfL3e81pxBNsXizHWF","https://api.spotify.com/v1/audio-analysis/53xalfL3e81pxBNsXizHWF",4,1,250426,TRUE,"https://api.spotify.com/v1/tracks/53xalfL3e81pxBNsXizHWF",FALSE,"Ridin","https://p.scdn.co/mp3-preview/871184b9a8cdaf988b7bde8ef31d7d44e8b36843?cid=c22575ce003a46ba95e4590c10b3acb1",3,"track","spotify:track:53xalfL3e81pxBNsXizHWF","https://open.spotify.com/track/53xalfL3e81pxBNsXizHWF","Signal Flow","C#","minor","C# minor","jazz"
"Terrace Martin","7MNEVabc4cs19CbzAFZmXz","49M2Lh0cz8fEKNtf7aZOQz","album","2011-06-07",2011,"day",0.797,0.388,1,-9.759,1,0.337,0.0246,0,0.0905,0.54,89.061,"4ncSYpETKE8Q3OjfAyQQ40","https://api.spotify.com/v1/audio-analysis/4ncSYpETKE8Q3OjfAyQQ40",4,1,234973,TRUE,"https://api.spotify.com/v1/tracks/4ncSYpETKE8Q3OjfAyQQ40",FALSE,"To The Top","https://p.scdn.co/mp3-preview/9b9a0f4c89258c5c7192b0f6d10de86b8ec0ce05?cid=c22575ce003a46ba95e4590c10b3acb1",4,"track","spotify:track:4ncSYpETKE8Q3OjfAyQQ40","https://open.spotify.com/track/4ncSYpETKE8Q3OjfAyQQ40","Signal Flow","C#","major","C# major","jazz"
"Terrace Martin","7MNEVabc4cs19CbzAFZmXz","49M2Lh0cz8fEKNtf7aZOQz","album","2011-06-07",2011,"day",0.776,0.709,10,-7.433,0,0.364,0.0596,0,0.341,0.788,87.45,"7zo8hcoWeytb3xi6SYocH8","https://api.spotify.com/v1/audio-analysis/7zo8hcoWeytb3xi6SYocH8",4,1,142786,TRUE,"https://api.spotify.com/v1/tracks/7zo8hcoWeytb3xi6SYocH8",FALSE,"Enemy Lines","https://p.scdn.co/mp3-preview/1d5289dcd551815bb59bfd8cc9ebf3c9ed8990cf?cid=c22575ce003a46ba95e4590c10b3acb1",5,"track","spotify:track:7zo8hcoWeytb3xi6SYocH8","https://open.spotify.com/track/7zo8hcoWeytb3xi6SYocH8","Signal Flow","A#","minor","A# minor","jazz"
"Terrace Martin","7MNEVabc4cs19CbzAFZmXz","49M2Lh0cz8fEKNtf7aZOQz","album","2011-06-07",2011,"day",0.512,0.912,6,-3.087,1,0.465,0.244,0,0.249,0.634,179.619,"7Fb88qoFU0q3KJGFTJQadu","https://api.spotify.com/v1/audio-analysis/7Fb88qoFU0q3KJGFTJQadu",4,1,216680,TRUE,"https://api.spotify.com/v1/tracks/7Fb88qoFU0q3KJGFTJQadu",FALSE,"Watch Me Fall","https://p.scdn.co/mp3-preview/80407bd003dd75e34b415de059fb50e4fbfd86de?cid=c22575ce003a46ba95e4590c10b3acb1",6,"track","spotify:track:7Fb88qoFU0q3KJGFTJQadu","https://open.spotify.com/track/7Fb88qoFU0q3KJGFTJQadu","Signal Flow","F#","major","F# major","jazz"
"Terrace Martin","7MNEVabc4cs19CbzAFZmXz","49M2Lh0cz8fEKNtf7aZOQz","album","2011-06-07",2011,"day",0.823,0.635,11,-6.598,1,0.282,0.0119,9.32e-06,0.101,0.643,92.045,"5WTyUZpuMV7dviCZGyroL2","https://api.spotify.com/v1/audio-analysis/5WTyUZpuMV7dviCZGyroL2",4,1,284253,TRUE,"https://api.spotify.com/v1/tracks/5WTyUZpuMV7dviCZGyroL2",FALSE,"Fear & Respect","https://p.scdn.co/mp3-preview/164164feb98fe6e074e3bef08c81fab87880191e?cid=c22575ce003a46ba95e4590c10b3acb1",7,"track","spotify:track:5WTyUZpuMV7dviCZGyroL2","https://open.spotify.com/track/5WTyUZpuMV7dviCZGyroL2","Signal Flow","B","major","B major","jazz"
"Terrace Martin","7MNEVabc4cs19CbzAFZmXz","49M2Lh0cz8fEKNtf7aZOQz","album","2011-06-07",2011,"day",0.435,0.526,11,-8.455,0,0.322,0.412,0,0.753,0.417,92.455,"6mgoQgHlnwyCO5M0DYZyqC","https://api.spotify.com/v1/audio-analysis/6mgoQgHlnwyCO5M0DYZyqC",4,1,331466,TRUE,"https://api.spotify.com/v1/tracks/6mgoQgHlnwyCO5M0DYZyqC",FALSE,"Be Thankful","https://p.scdn.co/mp3-preview/eb2c658d4e28aef5579a697b983038dbfa7e5f57?cid=c22575ce003a46ba95e4590c10b3acb1",8,"track","spotify:track:6mgoQgHlnwyCO5M0DYZyqC","https://open.spotify.com/track/6mgoQgHlnwyCO5M0DYZyqC","Signal Flow","B","minor","B minor","jazz"
"Terrace Martin","7MNEVabc4cs19CbzAFZmXz","49M2Lh0cz8fEKNtf7aZOQz","album","2011-06-07",2011,"day",0.83,0.383,0,-11.391,1,0.309,0.252,0,0.137,0.85,91.032,"2oXvshBeRSqgJmotLAzCHk","https://api.spotify.com/v1/audio-analysis/2oXvshBeRSqgJmotLAzCHk",4,1,247400,TRUE,"https://api.spotify.com/v1/tracks/2oXvshBeRSqgJmotLAzCHk",FALSE,"Hoe Hoe Hoe","https://p.scdn.co/mp3-preview/46b04175d109f6455e77085e84a9cd6a405fa3ee?cid=c22575ce003a46ba95e4590c10b3acb1",9,"track","spotify:track:2oXvshBeRSqgJmotLAzCHk","https://open.spotify.com/track/2oXvshBeRSqgJmotLAzCHk","Signal Flow","C","major","C major","jazz"
"Terrace Martin","7MNEVabc4cs19CbzAFZmXz","49M2Lh0cz8fEKNtf7aZOQz","album","2011-06-07",2011,"day",0.95,0.389,2,-11.844,1,0.0951,0.0464,0.000295,0.125,0.64,116.943,"0JOLFjU5mV5k3vMj3D5amS","https://api.spotify.com/v1/audio-analysis/0JOLFjU5mV5k3vMj3D5amS",4,1,198720,TRUE,"https://api.spotify.com/v1/tracks/0JOLFjU5mV5k3vMj3D5amS",FALSE,"All Night","https://p.scdn.co/mp3-preview/0ff9be8c90d38b013d34ac83f6eec22c13960b11?cid=c22575ce003a46ba95e4590c10b3acb1",10,"track","spotify:track:0JOLFjU5mV5k3vMj3D5amS","https://open.spotify.com/track/0JOLFjU5mV5k3vMj3D5amS","Signal Flow","D","major","D major","jazz"
"Terrace Martin","7MNEVabc4cs19CbzAFZmXz","49M2Lh0cz8fEKNtf7aZOQz","album","2011-06-07",2011,"day",0.652,0.303,1,-6.818,1,0.514,0.0677,0,0.08,0.234,97.359,"1XlfPNOGrWWAm3kwjuy0xf","https://api.spotify.com/v1/audio-analysis/1XlfPNOGrWWAm3kwjuy0xf",4,1,157573,TRUE,"https://api.spotify.com/v1/tracks/1XlfPNOGrWWAm3kwjuy0xf",FALSE,"B*tch","https://p.scdn.co/mp3-preview/cfb886bce1ceff2c115d5d8641deebd9f451f9b4?cid=c22575ce003a46ba95e4590c10b3acb1",11,"track","spotify:track:1XlfPNOGrWWAm3kwjuy0xf","https://open.spotify.com/track/1XlfPNOGrWWAm3kwjuy0xf","Signal Flow","C#","major","C# major","jazz"
"Terrace Martin","7MNEVabc4cs19CbzAFZmXz","49M2Lh0cz8fEKNtf7aZOQz","album","2011-06-07",2011,"day",0.637,0.426,7,-9.934,0,0.364,0.248,0,0.216,0.632,83.018,"2gKY94r9NLekRse5pWydP0","https://api.spotify.com/v1/audio-analysis/2gKY94r9NLekRse5pWydP0",4,1,148853,TRUE,"https://api.spotify.com/v1/tracks/2gKY94r9NLekRse5pWydP0",FALSE,"Problem Smoke Break For Terrace","https://p.scdn.co/mp3-preview/5d243813d9baca6526107b9ccb9c20f28e5c7d36?cid=c22575ce003a46ba95e4590c10b3acb1",12,"track","spotify:track:2gKY94r9NLekRse5pWydP0","https://open.spotify.com/track/2gKY94r9NLekRse5pWydP0","Signal Flow","G","minor","G minor","jazz"
"Terrace Martin","7MNEVabc4cs19CbzAFZmXz","49M2Lh0cz8fEKNtf7aZOQz","album","2011-06-07",2011,"day",0.766,0.584,3,-7.187,0,0.386,0.0147,0,0.583,0.197,91.202,"1XfZIentojuAniPaFgvwYa","https://api.spotify.com/v1/audio-analysis/1XfZIentojuAniPaFgvwYa",4,1,162920,TRUE,"https://api.spotify.com/v1/tracks/1XfZIentojuAniPaFgvwYa",FALSE,"No Violence","https://p.scdn.co/mp3-preview/18cd33006694541185ff28bb64c2e68f45eba0a1?cid=c22575ce003a46ba95e4590c10b3acb1",13,"track","spotify:track:1XfZIentojuAniPaFgvwYa","https://open.spotify.com/track/1XfZIentojuAniPaFgvwYa","Signal Flow","D#","minor","D# minor","jazz"
"Terrace Martin","7MNEVabc4cs19CbzAFZmXz","49M2Lh0cz8fEKNtf7aZOQz","album","2011-06-07",2011,"day",0.69,0.451,1,-10.031,1,0.933,0.276,0,0.059,0.684,81.443,"5Ns7HNmhdX9wX8mOG1BaBM","https://api.spotify.com/v1/audio-analysis/5Ns7HNmhdX9wX8mOG1BaBM",4,1,75933,TRUE,"https://api.spotify.com/v1/tracks/5Ns7HNmhdX9wX8mOG1BaBM",FALSE,"Blast/Apologize","https://p.scdn.co/mp3-preview/fc121cdeec53e22037905b8968708089150ba5d0?cid=c22575ce003a46ba95e4590c10b3acb1",14,"track","spotify:track:5Ns7HNmhdX9wX8mOG1BaBM","https://open.spotify.com/track/5Ns7HNmhdX9wX8mOG1BaBM","Signal Flow","C#","major","C# major","jazz"
"Terrace Martin","7MNEVabc4cs19CbzAFZmXz","49M2Lh0cz8fEKNtf7aZOQz","album","2011-06-07",2011,"day",0.52,0.368,2,-11.32,1,0.326,0.216,0.00196,0.165,0.459,84.635,"0i6fFejWq95t20PC2h2qzw","https://api.spotify.com/v1/audio-analysis/0i6fFejWq95t20PC2h2qzw",4,1,280146,TRUE,"https://api.spotify.com/v1/tracks/0i6fFejWq95t20PC2h2qzw",FALSE,"Ridin' Music","https://p.scdn.co/mp3-preview/3e31db81707f6af848af049b056e2c62cf258635?cid=c22575ce003a46ba95e4590c10b3acb1",15,"track","spotify:track:0i6fFejWq95t20PC2h2qzw","https://open.spotify.com/track/0i6fFejWq95t20PC2h2qzw","Signal Flow","D","major","D major","jazz"
"Terrace Martin","7MNEVabc4cs19CbzAFZmXz","49M2Lh0cz8fEKNtf7aZOQz","album","2011-06-07",2011,"day",0.681,0.669,1,-7.268,0,0.32,0.159,0,0.167,0.285,96.661,"6bV6yRRt8Umowg8zo301D6","https://api.spotify.com/v1/audio-analysis/6bV6yRRt8Umowg8zo301D6",4,1,219506,TRUE,"https://api.spotify.com/v1/tracks/6bV6yRRt8Umowg8zo301D6",FALSE,"Westside","https://p.scdn.co/mp3-preview/c5f6cbb2256c261f64d2198d1a6426bd7b69be43?cid=c22575ce003a46ba95e4590c10b3acb1",16,"track","spotify:track:6bV6yRRt8Umowg8zo301D6","https://open.spotify.com/track/6bV6yRRt8Umowg8zo301D6","Signal Flow","C#","minor","C# minor","jazz"
"Terrace Martin","7MNEVabc4cs19CbzAFZmXz","49M2Lh0cz8fEKNtf7aZOQz","album","2011-06-07",2011,"day",0.543,0.46,1,-10.723,1,0.488,0.158,0,0.3,0.588,186.819,"4ZxqlyEquIhP52t15rbQh2","https://api.spotify.com/v1/audio-analysis/4ZxqlyEquIhP52t15rbQh2",4,1,187653,TRUE,"https://api.spotify.com/v1/tracks/4ZxqlyEquIhP52t15rbQh2",FALSE,"Conversation For The People","https://p.scdn.co/mp3-preview/5427f5b33e53aec392996ec36eeb46ab85aaacb5?cid=c22575ce003a46ba95e4590c10b3acb1",17,"track","spotify:track:4ZxqlyEquIhP52t15rbQh2","https://open.spotify.com/track/4ZxqlyEquIhP52t15rbQh2","Signal Flow","C#","major","C# major","jazz"
"Terrace Martin","7MNEVabc4cs19CbzAFZmXz","49M2Lh0cz8fEKNtf7aZOQz","album","2011-06-07",2011,"day",0.75,0.818,1,-7.105,1,0.512,0.4,0,0.849,0.568,87.413,"5n411Ocdm1bmTCFpCNwZSN","https://api.spotify.com/v1/audio-analysis/5n411Ocdm1bmTCFpCNwZSN",4,1,281360,TRUE,"https://api.spotify.com/v1/tracks/5n411Ocdm1bmTCFpCNwZSN",FALSE,"Listen","https://p.scdn.co/mp3-preview/94a0abf4c57d3c5a7b6c689a0d069c444cd358ad?cid=c22575ce003a46ba95e4590c10b3acb1",18,"track","spotify:track:5n411Ocdm1bmTCFpCNwZSN","https://open.spotify.com/track/5n411Ocdm1bmTCFpCNwZSN","Signal Flow","C#","major","C# major","jazz"
"Terrace Martin","7MNEVabc4cs19CbzAFZmXz","6svvyvF9kKY7qmTIOddv4O","album","2010-11-16",2010,"day",0.72,0.446,2,-11.375,1,0.229,0.128,0,0.187,0.52,97.555,"04hRONSaYdGSBbhpQ6woSe","https://api.spotify.com/v1/audio-analysis/04hRONSaYdGSBbhpQ6woSe",4,1,148160,TRUE,"https://api.spotify.com/v1/tracks/04hRONSaYdGSBbhpQ6woSe",FALSE,"Intro","https://p.scdn.co/mp3-preview/b41e4ab70cef5ec92d0b7f68b3a1e69b7b906918?cid=c22575ce003a46ba95e4590c10b3acb1",1,"track","spotify:track:04hRONSaYdGSBbhpQ6woSe","https://open.spotify.com/track/04hRONSaYdGSBbhpQ6woSe","Bigg Snoop Dogg and DJ Drama Present: Locke High","D","major","D major","jazz"
"Terrace Martin","7MNEVabc4cs19CbzAFZmXz","6svvyvF9kKY7qmTIOddv4O","album","2010-11-16",2010,"day",0.566,0.82,1,-7.284,1,0.306,0.118,0,0.421,0.361,165.563,"25Fja0OWHFUg17heVcff7E","https://api.spotify.com/v1/audio-analysis/25Fja0OWHFUg17heVcff7E",4,1,209786,TRUE,"https://api.spotify.com/v1/tracks/25Fja0OWHFUg17heVcff7E",FALSE,"Do What I Do","https://p.scdn.co/mp3-preview/fd7ae443d969d53445dc4b09d6fdac54d0592c5b?cid=c22575ce003a46ba95e4590c10b3acb1",2,"track","spotify:track:25Fja0OWHFUg17heVcff7E","https://open.spotify.com/track/25Fja0OWHFUg17heVcff7E","Bigg Snoop Dogg and DJ Drama Present: Locke High","C#","major","C# major","jazz"
"Terrace Martin","7MNEVabc4cs19CbzAFZmXz","6svvyvF9kKY7qmTIOddv4O","album","2010-11-16",2010,"day",0.532,0.571,5,-11.108,0,0.399,0.262,0,0.305,0.35,171.79,"4iGHu0rOBB46tJaCUDG8El","https://api.spotify.com/v1/audio-analysis/4iGHu0rOBB46tJaCUDG8El",4,1,162306,TRUE,"https://api.spotify.com/v1/tracks/4iGHu0rOBB46tJaCUDG8El",FALSE,"MySpace Rappers","https://p.scdn.co/mp3-preview/9c2935fe126cd6807920a79f953e8ba6f70c25c0?cid=c22575ce003a46ba95e4590c10b3acb1",3,"track","spotify:track:4iGHu0rOBB46tJaCUDG8El","https://open.spotify.com/track/4iGHu0rOBB46tJaCUDG8El","Bigg Snoop Dogg and DJ Drama Present: Locke High","F","minor","F minor","jazz"
"Terrace Martin","7MNEVabc4cs19CbzAFZmXz","6svvyvF9kKY7qmTIOddv4O","album","2010-11-16",2010,"day",0.712,0.561,1,-7.703,0,0.372,0.00693,0,0.224,0.621,89.194,"5OPGjgfFzxIw1iXzizySQp","https://api.spotify.com/v1/audio-analysis/5OPGjgfFzxIw1iXzizySQp",4,1,204573,TRUE,"https://api.spotify.com/v1/tracks/5OPGjgfFzxIw1iXzizySQp",FALSE,"Bounce, Rock, Skate","https://p.scdn.co/mp3-preview/4961fd07c6a25bc5596317b3cbc9ae8213eecaed?cid=c22575ce003a46ba95e4590c10b3acb1",4,"track","spotify:track:5OPGjgfFzxIw1iXzizySQp","https://open.spotify.com/track/5OPGjgfFzxIw1iXzizySQp","Bigg Snoop Dogg and DJ Drama Present: Locke High","C#","minor","C# minor","jazz"
"Terrace Martin","7MNEVabc4cs19CbzAFZmXz","6svvyvF9kKY7qmTIOddv4O","album","2010-11-16",2010,"day",0.663,0.635,0,-8.122,1,0.309,0.188,0,0.864,0.444,98.243,"0uHo9G9i9xt6gcP19sqtt5","https://api.spotify.com/v1/audio-analysis/0uHo9G9i9xt6gcP19sqtt5",4,1,244466,TRUE,"https://api.spotify.com/v1/tracks/0uHo9G9i9xt6gcP19sqtt5",FALSE,"I'm Good","https://p.scdn.co/mp3-preview/3a733aeeaeec2302631037ea4d7868b10f71632e?cid=c22575ce003a46ba95e4590c10b3acb1",5,"track","spotify:track:0uHo9G9i9xt6gcP19sqtt5","https://open.spotify.com/track/0uHo9G9i9xt6gcP19sqtt5","Bigg Snoop Dogg and DJ Drama Present: Locke High","C","major","C major","jazz"
"Terrace Martin","7MNEVabc4cs19CbzAFZmXz","6svvyvF9kKY7qmTIOddv4O","album","2010-11-16",2010,"day",0.597,0.424,5,-9.021,0,0.431,0.14,0,0.188,0.225,107.307,"2HVTinejsMeGwywPiZ9P2d","https://api.spotify.com/v1/audio-analysis/2HVTinejsMeGwywPiZ9P2d",4,1,260959,TRUE,"https://api.spotify.com/v1/tracks/2HVTinejsMeGwywPiZ9P2d",FALSE,"I'm Toe Up (Remix)","https://p.scdn.co/mp3-preview/a89b73d83776663063cd9c2aa1df7d2847db4a6e?cid=c22575ce003a46ba95e4590c10b3acb1",6,"track","spotify:track:2HVTinejsMeGwywPiZ9P2d","https://open.spotify.com/track/2HVTinejsMeGwywPiZ9P2d","Bigg Snoop Dogg and DJ Drama Present: Locke High","F","minor","F minor","jazz"
"Terrace Martin","7MNEVabc4cs19CbzAFZmXz","6svvyvF9kKY7qmTIOddv4O","album","2010-11-16",2010,"day",0.646,0.787,1,-6.288,1,0.334,0.203,0,0.174,0.572,95.134,"2pVWg5NnHjmLXoLLCCgyOm","https://api.spotify.com/v1/audio-analysis/2pVWg5NnHjmLXoLLCCgyOm",4,1,238853,TRUE,"https://api.spotify.com/v1/tracks/2pVWg5NnHjmLXoLLCCgyOm",FALSE,"Show You How Gangstas Do","https://p.scdn.co/mp3-preview/e4727864d7761e2826a261fb02217d3994768e6f?cid=c22575ce003a46ba95e4590c10b3acb1",7,"track","spotify:track:2pVWg5NnHjmLXoLLCCgyOm","https://open.spotify.com/track/2pVWg5NnHjmLXoLLCCgyOm","Bigg Snoop Dogg and DJ Drama Present: Locke High","C#","major","C# major","jazz"
"Terrace Martin","7MNEVabc4cs19CbzAFZmXz","6svvyvF9kKY7qmTIOddv4O","album","2010-11-16",2010,"day",0.824,0.462,10,-10.524,0,0.266,0.00158,1.41e-05,0.548,0.439,96.9,"0wAu0CQPsYAFhB7agRdaNC","https://api.spotify.com/v1/audio-analysis/0wAu0CQPsYAFhB7agRdaNC",4,1,254160,TRUE,"https://api.spotify.com/v1/tracks/0wAu0CQPsYAFhB7agRdaNC",FALSE,"End of My Jam","https://p.scdn.co/mp3-preview/54a4ff92679b76df54d43f16906699d444c74ab2?cid=c22575ce003a46ba95e4590c10b3acb1",8,"track","spotify:track:0wAu0CQPsYAFhB7agRdaNC","https://open.spotify.com/track/0wAu0CQPsYAFhB7agRdaNC","Bigg Snoop Dogg and DJ Drama Present: Locke High","A#","minor","A# minor","jazz"
"Terrace Martin","7MNEVabc4cs19CbzAFZmXz","6svvyvF9kKY7qmTIOddv4O","album","2010-11-16",2010,"day",0.541,0.7,6,-8.399,1,0.543,0.239,0,0.252,0.603,190.092,"5HTgr79axMXdNfT6Kxp2BA","https://api.spotify.com/v1/audio-analysis/5HTgr79axMXdNfT6Kxp2BA",4,1,261626,TRUE,"https://api.spotify.com/v1/tracks/5HTgr79axMXdNfT6Kxp2BA",FALSE,"Hello","https://p.scdn.co/mp3-preview/c0f0f08cd82ace25254573bb49effc3836eec8b0?cid=c22575ce003a46ba95e4590c10b3acb1",9,"track","spotify:track:5HTgr79axMXdNfT6Kxp2BA","https://open.spotify.com/track/5HTgr79axMXdNfT6Kxp2BA","Bigg Snoop Dogg and DJ Drama Present: Locke High","F#","major","F# major","jazz"
"Terrace Martin","7MNEVabc4cs19CbzAFZmXz","6svvyvF9kKY7qmTIOddv4O","album","2010-11-16",2010,"day",0.75,0.586,3,-6.811,0,0.379,0.0142,0,0.443,0.179,91.244,"7CzniA1IfdaaJ90HHmZH5u","https://api.spotify.com/v1/audio-analysis/7CzniA1IfdaaJ90HHmZH5u",4,1,163213,TRUE,"https://api.spotify.com/v1/tracks/7CzniA1IfdaaJ90HHmZH5u",FALSE,"No Violence","https://p.scdn.co/mp3-preview/65f35f62daa378f503de8049d1eb34cb45e75a9e?cid=c22575ce003a46ba95e4590c10b3acb1",10,"track","spotify:track:7CzniA1IfdaaJ90HHmZH5u","https://open.spotify.com/track/7CzniA1IfdaaJ90HHmZH5u","Bigg Snoop Dogg and DJ Drama Present: Locke High","D#","minor","D# minor","jazz"
"Terrace Martin","7MNEVabc4cs19CbzAFZmXz","6svvyvF9kKY7qmTIOddv4O","album","2010-11-16",2010,"day",0.519,0.636,1,-5.678,1,0.118,0.151,0,0.118,0.067,96.816,"3ltvpj0iLw5xUIGA3TpqKF","https://api.spotify.com/v1/audio-analysis/3ltvpj0iLw5xUIGA3TpqKF",4,1,101240,TRUE,"https://api.spotify.com/v1/tracks/3ltvpj0iLw5xUIGA3TpqKF",FALSE,"He's a Problem","https://p.scdn.co/mp3-preview/9112c19d8840dabcf9aa4a47d73e39414b878cd5?cid=c22575ce003a46ba95e4590c10b3acb1",11,"track","spotify:track:3ltvpj0iLw5xUIGA3TpqKF","https://open.spotify.com/track/3ltvpj0iLw5xUIGA3TpqKF","Bigg Snoop Dogg and DJ Drama Present: Locke High","C#","major","C# major","jazz"
"Terrace Martin","7MNEVabc4cs19CbzAFZmXz","6svvyvF9kKY7qmTIOddv4O","album","2010-11-16",2010,"day",0.579,0.27,3,-20.192,1,0.851,0.709,0,0.097,0.639,90.669,"5gOqai2s7V4rE1NTVxfRzJ","https://api.spotify.com/v1/audio-analysis/5gOqai2s7V4rE1NTVxfRzJ",3,1,48653,TRUE,"https://api.spotify.com/v1/tracks/5gOqai2s7V4rE1NTVxfRzJ",FALSE,"Haters Skit","https://p.scdn.co/mp3-preview/a2151f1e7cf24874692ac8b2424c05c5299e2e8a?cid=c22575ce003a46ba95e4590c10b3acb1",12,"track","spotify:track:5gOqai2s7V4rE1NTVxfRzJ","https://open.spotify.com/track/5gOqai2s7V4rE1NTVxfRzJ","Bigg Snoop Dogg and DJ Drama Present: Locke High","D#","major","D# major","jazz"
"Terrace Martin","7MNEVabc4cs19CbzAFZmXz","6svvyvF9kKY7qmTIOddv4O","album","2010-11-16",2010,"day",0.664,0.467,1,-7.057,0,0.0921,0.0779,0,0.747,0.396,89.033,"0DLULKxEY40gM3pH1FVCx1","https://api.spotify.com/v1/audio-analysis/0DLULKxEY40gM3pH1FVCx1",4,1,259200,TRUE,"https://api.spotify.com/v1/tracks/0DLULKxEY40gM3pH1FVCx1",FALSE,"Haters","https://p.scdn.co/mp3-preview/ccec989770bb939b40ba2aefba8f656c5cff46bd?cid=c22575ce003a46ba95e4590c10b3acb1",13,"track","spotify:track:0DLULKxEY40gM3pH1FVCx1","https://open.spotify.com/track/0DLULKxEY40gM3pH1FVCx1","Bigg Snoop Dogg and DJ Drama Present: Locke High","C#","minor","C# minor","jazz"
"Terrace Martin","7MNEVabc4cs19CbzAFZmXz","6svvyvF9kKY7qmTIOddv4O","album","2010-11-16",2010,"day",0.788,0.514,1,-10.019,0,0.0376,0.0428,0.0474,0.0861,0.204,115.021,"5MXpRJYRRCczCsTdLiIoN6","https://api.spotify.com/v1/audio-analysis/5MXpRJYRRCczCsTdLiIoN6",4,1,243386,TRUE,"https://api.spotify.com/v1/tracks/5MXpRJYRRCczCsTdLiIoN6",FALSE,"Misunderstood","https://p.scdn.co/mp3-preview/13e6c90ba678f859c5f6ca1b55d579ffd5f43830?cid=c22575ce003a46ba95e4590c10b3acb1",14,"track","spotify:track:5MXpRJYRRCczCsTdLiIoN6","https://open.spotify.com/track/5MXpRJYRRCczCsTdLiIoN6","Bigg Snoop Dogg and DJ Drama Present: Locke High","C#","minor","C# minor","jazz"
"Terrace Martin","7MNEVabc4cs19CbzAFZmXz","6svvyvF9kKY7qmTIOddv4O","album","2010-11-16",2010,"day",0.755,0.335,2,-10.043,1,0.285,0.00334,8.55e-06,0.107,0.26,78.591,"4d3jMgbE90k3Ld6tEGBdPD","https://api.spotify.com/v1/audio-analysis/4d3jMgbE90k3Ld6tEGBdPD",4,1,234253,TRUE,"https://api.spotify.com/v1/tracks/4d3jMgbE90k3Ld6tEGBdPD",FALSE,"Ridin and Rollin","https://p.scdn.co/mp3-preview/246163fd1e49d79ce988d5ca46858c65c9df9256?cid=c22575ce003a46ba95e4590c10b3acb1",15,"track","spotify:track:4d3jMgbE90k3Ld6tEGBdPD","https://open.spotify.com/track/4d3jMgbE90k3Ld6tEGBdPD","Bigg Snoop Dogg and DJ Drama Present: Locke High","D","major","D major","jazz"
"Terrace Martin","7MNEVabc4cs19CbzAFZmXz","6svvyvF9kKY7qmTIOddv4O","album","2010-11-16",2010,"day",0.788,0.453,1,-10.525,1,0.287,0.266,0.000334,0.741,0.496,143.039,"1pOR7d3QAeEZ4poZubnICL","https://api.spotify.com/v1/audio-analysis/1pOR7d3QAeEZ4poZubnICL",4,1,147826,TRUE,"https://api.spotify.com/v1/tracks/1pOR7d3QAeEZ4poZubnICL",FALSE,"GT","https://p.scdn.co/mp3-preview/10cdb33665a0f61d767381354f3d3e613a25a853?cid=c22575ce003a46ba95e4590c10b3acb1",16,"track","spotify:track:1pOR7d3QAeEZ4poZubnICL","https://open.spotify.com/track/1pOR7d3QAeEZ4poZubnICL","Bigg Snoop Dogg and DJ Drama Present: Locke High","C#","major","C# major","jazz"
"Terrace Martin","7MNEVabc4cs19CbzAFZmXz","6svvyvF9kKY7qmTIOddv4O","album","2010-11-16",2010,"day",0.726,0.53,1,-10.402,1,0.28,0.000495,0,0.328,0.867,90.999,"2kNuRitmuM89deQZRaOvrX","https://api.spotify.com/v1/audio-analysis/2kNuRitmuM89deQZRaOvrX",4,1,212053,TRUE,"https://api.spotify.com/v1/tracks/2kNuRitmuM89deQZRaOvrX",FALSE,"Rida Man","https://p.scdn.co/mp3-preview/15721c3971619f53d6e42e31c74244e7668ce743?cid=c22575ce003a46ba95e4590c10b3acb1",17,"track","spotify:track:2kNuRitmuM89deQZRaOvrX","https://open.spotify.com/track/2kNuRitmuM89deQZRaOvrX","Bigg Snoop Dogg and DJ Drama Present: Locke High","C#","major","C# major","jazz"
"Terrace Martin","7MNEVabc4cs19CbzAFZmXz","6svvyvF9kKY7qmTIOddv4O","album","2010-11-16",2010,"day",0.524,0.702,10,-12.001,0,0.172,0.0532,0,0.488,0.559,160.196,"1kFHXzqUxYekQUsn4hIexK","https://api.spotify.com/v1/audio-analysis/1kFHXzqUxYekQUsn4hIexK",4,1,168520,TRUE,"https://api.spotify.com/v1/tracks/1kFHXzqUxYekQUsn4hIexK",FALSE,"Be Like Me","https://p.scdn.co/mp3-preview/cf7a52d4c26c5a1c8db72ff9f0f9fe82fa4ee3fc?cid=c22575ce003a46ba95e4590c10b3acb1",18,"track","spotify:track:1kFHXzqUxYekQUsn4hIexK","https://open.spotify.com/track/1kFHXzqUxYekQUsn4hIexK","Bigg Snoop Dogg and DJ Drama Present: Locke High","A#","minor","A# minor","jazz"
"Terrace Martin","7MNEVabc4cs19CbzAFZmXz","6svvyvF9kKY7qmTIOddv4O","album","2010-11-16",2010,"day",0.588,0.531,11,-8.252,0,0.24,0.412,0,0.396,0.381,92.015,"3mwBifMOUMsSl5hAe8sVJ1","https://api.spotify.com/v1/audio-analysis/3mwBifMOUMsSl5hAe8sVJ1",4,1,383093,TRUE,"https://api.spotify.com/v1/tracks/3mwBifMOUMsSl5hAe8sVJ1",FALSE,"Stay Humble","https://p.scdn.co/mp3-preview/2e64fc6e995feeee41f1b6f75e31f5df1da81420?cid=c22575ce003a46ba95e4590c10b3acb1",19,"track","spotify:track:3mwBifMOUMsSl5hAe8sVJ1","https://open.spotify.com/track/3mwBifMOUMsSl5hAe8sVJ1","Bigg Snoop Dogg and DJ Drama Present: Locke High","B","minor","B minor","jazz"
